0.4068902288515087,0.34429005137786284,0.0
0.419549349412883,0.34429005137786284,0.0
0.3327338763708157,0.3023703876693136,0.0
0.48284495221975143,0.4640354974311104,0.0
0.443069219648082,0.4161606725829043,0.0
0.4014598540145964,0.35030359645025744,0.0
0.4014598540145964,0.38019617001401207,0.0
0.3345675094326318,0.2185310602522206,0.0
0.330935505483266,0.3053479682391421,0.0
0.6220600162205994,0.5000000000000027,0.0
0.7685390881201725,0.5179238673517058,0.0
0.8155788285905703,0.5388836992059803,0.0
0.9728833879897016,0.7065623540401718,0.0
1.0,0.6077767398411987,0.0
0.9964032582249006,0.6077767398411987,0.0
0.9837441376635263,0.5868169079869241,0.0
0.9493987799287692,0.4311069593647843,0.0
0.7776014669064474,0.27539701074264444,1.0
0.5244190556789706,0.0,1.0
0.4991008145562251,0.0,1.0
0.4032582249021461,0.11676786548341914,1.0
0.3291371345957195,0.07181223727230383,1.0
0.2694382735639473,0.08681690798692149,1.0
0.3001868895236083,0.12272302662307341,1.0
0.29475651468669595,0.15862914525922533,1.0
0.49187206883176315,0.26944184960299283,1.0
0.4719842025459268,0.18858010275572296,1.0
0.4611234528721022,0.24246847267631835,1.0
0.4665538277090145,0.28141055581503904,1.0
0.4322084699742574,0.26342830453059296,1.0
0.4304100990867077,0.28742410088743897,1.0
0.42677809513734505,0.2125758991125637,1.0
0.4104869706266081,0.1826249416160687,1.0
0.36891286716738897,0.14969640354974525,1.0
0.3978278500652338,0.1556515646893995,1.0
0.3417962551570906,0.09277206912657841,1.0
0.35988575055537725,0.16762027090144838,1.0
0.2983885186360586,0.19757122839794602,1.0
0.30381889347297086,0.23651331153666674,1.0
0.3146796431467955,0.24848201774871825,1.0
0.2748686484008596,0.14969640354974525,1.0
0.32550513064635367,0.18858010275572296,1.0
0.2531824112274768,0.1916160672582891,1.0
0.27850065235022226,0.23651331153666674,1.0
0.29475651468669595,0.26045072396076446,1.0
0.2965901477485089,0.296356842596919,1.0
0.3200747558094414,0.3323213451658113,1.0
0.4683521985965642,0.3083839327417082,1.0
0.44846433231072785,0.2993928070994852,1.0
0.4611234528721022,0.3472676319476913,1.0
0.42677809513734505,0.3472676319476913,1.0
0.4068902288515087,0.3323213451658113,1.0
0.4177509785253333,0.3562587575899143,1.0
0.4538947071476402,0.4161606725829043,1.0
0.40509185796396224,0.3053479682391421,1.0
0.42497972424979535,0.3323213451658113,1.0
0.4557283402094563,0.3562587575899143,1.0
0.42677809513734505,0.3532811770200859,1.0
0.4177509785253333,0.33529892573563974,1.0
0.4177509785253333,0.33827650630546824,1.0
0.4014598540145964,0.3293437645959828,1.0
0.419549349412883,0.35030359645025744,1.0
0.41411897457597074,0.3293437645959828,1.0
0.4104869706266081,0.3263078000934167,1.0
0.39423110829013763,0.26045072396076446,1.0
0.39243273740258794,0.2933792620270906,1.0
0.4014598540145964,0.28742410088743897,1.0
0.4213477203004327,0.3263078000934167,1.0
0.3870023625656756,0.31433909388136516,1.0
0.3815719877287633,0.28141055581503904,1.0
0.41591734546352044,0.3472676319476913,1.0
0.42677809513734505,0.3323213451658113,1.0
0.5696251630875555,0.5239374124241004,1.0
0.5045311893931375,0.5059551611396542,1.0
0.33636588032017833,0.42812937879495583,1.0
0.20617793293134212,0.35030359645025744,1.0
0.2748686484008596,0.39520084072863504,1.0
0.2314961740540908,0.3592363381597375,1.0
0.2025459289819795,0.4191382531527328,0.0
0.2115730455939912,0.4161606725829043,0.0
0.28209739412532164,0.26045072396076446,0.0
0.15733982157339774,0.2185310602522206,0.0
0.21520504954335384,0.23949089210649518,0.0
0.1971155541450672,0.23353573096683827,0.0
0.28029902323777195,0.3263078000934167,0.0
0.2857293980746842,0.34429005137786284,0.0
0.3164780140343452,0.4191382531527328,0.0
0.3164780140343452,0.40716954694068125,0.0
0.35805211749356436,0.3293437645959828,0.0
0.3905991043407718,0.34429005137786284,0.0
0.42497972424979535,0.38019617001401207,0.0
0.35988575055537725,0.34131247080803434,0.0
0.37793998377939747,0.33529892573563974,0.0
0.3237067597588072,0.24550443717888978,0.0
0.34722662999400294,0.296356842596919,0.0
0.3833703586163098,0.35030359645025744,0.0
0.32550513064635367,0.32035263895375976,0.0
0.3417962551570906,0.28141055581503904,0.0
0.35445537571846497,0.32035263895375976,0.0
0.3852039916781259,0.35030359645025744,0.0
0.34902500088155264,0.3592363381597375,0.0
0.3743432420043013,0.37424100887436046,0.0
0.3905991043407718,0.4161606725829043,0.0
0.3671144962798393,0.36822746380196053,0.0
0.33636588032017833,0.34131247080803434,0.0
0.3797736168412136,0.44009808500700737,0.0
0.33816425120772803,0.4311069593647843,0.0
0.36891286716738897,0.44009808500700737,0.0
0.3291371345957195,0.2514595983185414,0.0
0.3725448711167516,0.33529892573563974,0.0
0.3725448711167516,0.2993928070994852,0.0
0.36168412144292694,0.3053479682391421,0.0
0.35445537571846497,0.3083839327417082,0.0
0.3725448711167516,0.33529892573563974,0.0
0.41411897457597074,0.32035263895375976,0.0
0.4557283402094563,0.3592363381597375,0.0
0.9150181600197456,0.6197454460532502,0.0
0.9023590394583713,0.5089327417094828,0.0
0.8734440565605265,0.46707146193367655,0.0
0.4991008145562251,0.14969640354974525,1.0
0.4737825734334765,0.143682858477348,1.0
0.4611234528721022,0.16464269033162257,1.0
0.4665538277090145,0.14969640354974525,1.0
0.4520963362600937,0.17363381597384564,1.0
0.4448675905356317,0.1826249416160687,1.0
0.4068902288515087,0.17363381597384564,1.0
0.37793998377939747,0.1556515646893995,1.0
0.34722662999400294,0.14070527790751952,1.0
0.2875277689622339,0.0837809434843527,1.0
0.31284601008497936,0.08080336291452689,1.0
0.29475651468669595,0.11373190098085034,1.0
0.3182763849218917,0.12873657169547065,1.0
0.3110476391974329,0.17065623540401717,1.0
0.36528086321802633,0.26342830453059296,1.0
0.4086885997390584,0.26944184960299283,1.0
0.3743432420043013,0.26045072396076446,1.0
0.3291371345957195,0.24246847267631835,1.0
0.36348249233047664,0.23949089210649518,1.0
0.36168412144292694,0.24550443717888978,1.0
0.32730350153390336,0.2514595983185414,1.0
0.3237067597588072,0.24848201774871825,1.0
0.3888007334532221,0.33529892573563974,1.0
0.34539299693219,0.3652498832321374,1.0
0.3417962551570906,0.371263428304532,1.0
0.35988575055537725,0.3652498832321374,1.0
0.28936140202404687,0.24550443717888978,1.0
0.3978278500652338,0.3293437645959828,1.0
0.5208223139038745,0.4371205044371789,1.0
0.7577136006206142,0.6167678654834218,1.0
0.7450544800592399,0.6197454460532502,1.0
0.6763285024154593,0.6107543204110218,1.0
0.6510102612927106,0.6317141522652965,1.0
0.5859162875982925,0.6197454460532502,1.0
0.3978278500652338,0.49696403549743123,1.0
0.23329454494164048,0.3562587575899143,1.0
0.2314961740540908,0.3323213451658113,1.0
0.14647907189957313,0.2125758991125637,0.0
0.15733982157339774,0.16464269033162257,0.0
0.2586127860643891,0.3053479682391421,0.0
0.2043442998695292,0.23949089210649518,0.0
0.2604111569519356,0.26944184960299283,0.0
0.2441552946154651,0.26045072396076446,0.0
0.36891286716738897,0.4161606725829043,0.0
0.3797736168412136,0.44009808500700737,0.0
0.33816425120772803,0.3832321345165835,0.0
0.3092492683098832,0.2514595983185414,0.0
0.29475651468669595,0.3083839327417082,0.0
0.2586127860643891,0.2125758991125637,0.0
0.3219083888712575,0.24550443717888978,0.0
0.3327338763708157,0.3293437645959828,0.0
0.3852039916781259,0.470049042503505,0.0
0.3671144962798393,0.4191382531527328,0.0
0.36528086321802633,0.3562587575899143,0.0
0.352621742656652,0.3472676319476913,0.0
0.376141612891851,0.3891872956562351,0.0
0.28936140202404687,0.3053479682391421,0.0
0.27850065235022226,0.28141055581503904,0.0
0.32730350153390336,0.3323213451658113,0.0
0.3110476391974329,0.2933792620270906,0.0
0.34902500088155264,0.35030359645025744,0.0
0.34902500088155264,0.3233302195235882,0.0
0.3417962551570906,0.34429005137786284,0.0
0.35625374660601467,0.3472676319476913,0.0
0.3815719877287633,0.42211583372256123,0.0
0.36528086321802633,0.3622723026623089,0.0
0.34902500088155264,0.32035263895375976,0.0
0.36891286716738897,0.4191382531527328,0.0
0.35445537571846497,0.3293437645959828,0.0
0.3870023625656756,0.371263428304532,0.0
0.4340068408618071,0.40115600186828665,0.0
0.42497972424979535,0.3891872956562351,0.0
0.3833703586163098,0.35030359645025744,0.0
0.36348249233047664,0.34131247080803434,0.0
0.33816425120772803,0.33529892573563974,0.0
0.34902500088155264,0.3472676319476913,0.0
0.36168412144292694,0.33529892573563974,0.0
0.3200747558094414,0.33529892573563974,0.0
0.3291371345957195,0.3173166744511936,0.0
0.330935505483266,0.33529892573563974,0.0
0.3182763849218917,0.31433909388136516,0.0
0.27850065235022226,0.26342830453059296,0.0
0.5768539088120176,0.49100887435777957,0.0
0.5714587961493685,0.4490892106492304,0.0
0.3743432420043013,0.34429005137786284,0.0
0.32730350153390336,0.3173166744511936,0.0
0.3182763849218917,0.3083839327417082,0.0
0.44846433231072785,0.4251517982251274,0.0
0.5913466624352048,0.4880312937879511,0.0
0.5587996755879941,0.3652498832321374,1.0
0.5117599351175994,0.28742410088743897,1.0
0.4756162064952926,0.2574731433909413,1.0
0.457526711097006,0.35030359645025744,1.0
0.5587996755879941,0.371263428304532,1.0
0.5660284213124561,0.42211583372256123,1.0
0.5768539088120176,0.44009808500700737,1.0
0.5660284213124561,0.4311069593647843,1.0
0.49187206883176315,0.4490892106492304,1.0
0.42857646602489474,0.4131247080803382,1.0
0.3725448711167516,0.3652498832321374,1.0
0.3291371345957195,0.23949089210649518,1.0
0.3110476391974329,0.26944184960299283,1.0
0.29295814379914625,0.23353573096683827,1.0
0.27127190662576023,0.24550443717888978,1.0
0.2857293980746842,0.23651331153666674,1.0
0.24595366550301478,0.26045072396076446,1.0
0.2604111569519356,0.2933792620270906,1.0
0.3743432420043013,0.2664642690331644,1.0
0.3960294791776841,0.3083839327417082,1.0
0.35805211749356436,0.2993928070994852,1.0
0.3996614831270499,0.36822746380196053,1.0
0.41232060368842105,0.4191382531527328,1.0
0.352621742656652,0.3921648762260636,1.0
0.35988575055537725,0.32035263895375976,1.0
0.35082337176910233,0.3113615133115367,1.0
0.3417962551570906,0.3173166744511936,1.0
0.3110476391974329,0.24848201774871825,1.0
0.3237067597588072,0.3323213451658113,1.0
0.30741563524806703,0.3173166744511936,1.0
0.32730350153390336,0.3083839327417082,1.0
0.3852039916781259,0.4311069593647843,1.0
0.3417962551570906,0.3562587575899143,1.0
0.3417962551570906,0.3592363381597375,1.0
0.33636588032017833,0.34131247080803434,1.0
0.28029902323777195,0.3263078000934167,1.0
0.4086885997390584,0.5269149929939289,1.0
0.3146796431467955,0.4131247080803382,1.0
0.2730702775133099,0.4191382531527328,1.0
0.0,0.2664642690331644,1.0
0.04520610740858176,0.23949089210649518,1.0
0.04160936563348558,0.2245446053246152,1.0
0.06692760675623101,0.2185310602522206,0.0
0.06872597764378072,0.16762027090144838,0.0
0.07595472336824272,0.24246847267631835,0.0
0.10670333932790046,0.23353573096683827,0.0
0.1826580626961464,0.296356842596919,0.0
0.1320215804506491,0.23949089210649518,0.0
0.14104869706266082,0.25449556282111285,0.0
0.17902605874678057,0.23949089210649518,0.0
0.15190944673648543,0.2185310602522206,0.0
0.17363094608413468,0.16762027090144838,0.0
0.18625480447124257,0.1616651097617941,0.0
0.2043442998695292,0.25449556282111285,0.0
0.2097746747064415,0.21555347968239216,0.0
0.23509291582919017,0.2514595983185414,0.0
0.22423216615536554,0.24848201774871825,0.0
0.2531824112274768,0.22150864082204907,0.0
0.22423216615536554,0.2185310602522206,0.0
0.28209739412532164,0.28438813638486754,0.0
0.2531824112274768,0.24246847267631835,0.0
0.2513840403399271,0.21555347968239216,0.0
0.22606579921717845,0.15267398411957106,0.0
0.23509291582919017,0.1826249416160687,0.0
0.2748686484008596,0.23353573096683827,0.0
0.256779153002573,0.23049976646427214,0.0
0.30741563524806703,0.2574731433909413,0.0
0.2640431609013014,0.21555347968239216,0.0
0.24955040727811098,0.18560252218589451,0.0
0.2531824112274768,0.2125758991125637,0.0
0.2477520363905613,0.17363381597384564,0.0
0.7793998377939971,0.5958080336291472,0.0
0.4104869706266081,0.36822746380196053,0.0
0.35445537571846497,0.3023703876693136,1.0
0.35625374660601467,0.3023703876693136,1.0
0.35445537571846497,0.2574731433909413,1.0
0.31284601008497936,0.25449556282111285,1.0
0.34722662999400294,0.26342830453059296,0.0
0.32730350153390336,0.2574731433909413,0.0
0.3399626220952777,0.24246847267631835,0.0
0.27850065235022226,0.2185310602522206,0.0
0.28029902323777195,0.2125758991125637,0.0
0.27127190662576023,0.20953993460999756,0.0
0.36528086321802633,0.22752218589444367,0.0
0.35988575055537725,0.24848201774871825,0.0
0.3219083888712575,0.2125758991125637,0.0
0.3182763849218917,0.15267398411957106,0.0
0.3671144962798393,0.26045072396076446,0.0
0.36348249233047664,0.24246847267631835,0.0
0.35805211749356436,0.24550443717888978,0.0
0.36528086321802633,0.272419430172816,0.0
0.33636588032017833,0.3113615133115367,0.0
0.3417962551570906,0.29040168145726214,0.0
0.352621742656652,0.3023703876693136,0.0
0.29115977291159656,0.26045072396076446,0.0
0.34539299693219,0.34131247080803434,0.0
0.32730350153390336,0.33529892573563974,0.0
0.3219083888712575,0.3323213451658113,0.0
0.3671144962798393,0.37424100887436046,0.0
0.33636588032017833,0.3592363381597375,0.0
0.3671144962798393,0.34429005137786284,0.0
0.36348249233047664,0.24246847267631835,0.0
0.443069219648082,0.3472676319476913,0.0
0.43763884481116966,0.37424100887436046,0.0
0.3996614831270499,0.3562587575899143,0.0
0.42677809513734505,0.36822746380196053,0.0
0.40509185796396224,0.36822746380196053,0.0
0.36348249233047664,0.3233302195235882,0.0
0.34722662999400294,0.3323213451658113,0.0
0.3725448711167516,0.40716954694068125,0.0
0.4032582249021461,0.371263428304532,0.0
0.4104869706266081,0.3652498832321374,0.0
0.4086885997390584,0.3532811770200859,0.0
0.3996614831270499,0.33827650630546824,0.0
0.4213477203004327,0.36822746380196053,0.0
0.40509185796396224,0.3622723026623089,0.0
0.3996614831270499,0.34131247080803434,0.0
0.39243273740258794,0.34131247080803434,0.0
0.3852039916781259,0.3263078000934167,0.0
0.3725448711167516,0.34131247080803434,0.0
0.36891286716738897,0.33827650630546824,0.0
0.3852039916781259,0.3293437645959828,0.0
0.39243273740258794,0.42812937879495583,0.0
0.4086885997390584,0.43408453993461277,0.0
0.34722662999400294,0.34429005137786284,0.0
0.47921294827038885,0.45504437178888735,0.0
0.8408970697133158,0.6346917328351249,0.0
0.889699918896997,0.6916160672582917,0.0
0.8553545611622398,0.6826249416160687,0.0
0.8607849359991521,0.7006071929005149,0.0
0.8879015480094504,0.7065623540401718,0.0
0.752283225783702,0.5478748248482035,0.0
0.7631087132832601,0.5987856141989757,1.0
0.7378257343347779,0.5239374124241004,1.0
0.7088754892626666,0.4371205044371789,1.0
0.6925843647519297,0.4191382531527328,1.0
0.69078599386438,0.3891872956562351,1.0
0.5678267922000059,0.3293437645959828,1.0
0.5623964173630935,0.33827650630546824,1.0
0.5768539088120176,0.3652498832321374,1.0
0.4719842025459268,0.26342830453059296,1.0
0.5063295602806872,0.3023703876693136,1.0
0.4665538277090145,0.24550443717888978,1.0
0.42497972424979535,0.15862914525922533,1.0
0.4014598540145964,0.1826249416160687,1.0
0.3725448711167516,0.25449556282111285,1.0
0.3797736168412136,0.26342830453059296,1.0
0.23689128671673665,0.09878561419897301,1.0
0.2604111569519356,0.15862914525922533,1.0
0.32730350153390336,0.2664642690331644,1.0
0.30741563524806703,0.2574731433909413,1.0
0.3435946260446403,0.3023703876693136,1.0
0.3182763849218917,0.26944184960299283,1.0
0.30561726436052056,0.27843297524521593,1.0
0.2857293980746842,0.23353573096683827,1.0
0.3001868895236083,0.3083839327417082,1.0
0.21700342043090354,0.16762027090144838,1.0
0.2513840403399271,0.18560252218589451,1.0
0.23689128671673665,0.17958897711349991,1.0
0.24955040727811098,0.17363381597384564,1.0
0.2314961740540908,0.15267398411957106,1.0
0.22606579921717845,0.1916160672582891,1.0
0.2549807821150233,0.296356842596919,1.0
0.330935505483266,0.28742410088743897,1.0
0.2857293980746842,0.2574731433909413,1.0
0.3146796431467955,0.2574731433909413,1.0
0.2857293980746842,0.16762027090144838,1.0
0.30202052258542117,0.16464269033162257,1.0
0.24955040727811098,0.14969640354974525,1.0
0.2748686484008596,0.1616651097617941,1.0
0.2658415317888479,0.1616651097617941,1.0
0.2676399026763976,0.17958897711349991,1.0
0.22786417010472815,0.12570060719290188,1.0
0.29475651468669595,0.26045072396076446,1.0
0.2314961740540908,0.1826249416160687,1.0
0.29475651468669595,0.28742410088743897,1.0
0.27850065235022226,0.26944184960299283,1.0
0.28029902323777195,0.3173166744511936,1.0
0.22786417010472815,0.24550443717888978,1.0
0.3110476391974329,0.34131247080803434,1.0
0.30741563524806703,0.3592363381597375,1.0
0.2441552946154651,0.32035263895375976,1.0
0.2604111569519356,0.3472676319476913,1.0
0.24955040727811098,0.2514595983185414,1.0
0.256779153002573,0.23949089210649518,1.0
0.28936140202404687,0.4251517982251274,1.0
0.30561726436052056,0.4161606725829043,1.0
0.29295814379914625,0.42812937879495583,1.0
0.2622095278394853,0.2993928070994852,1.0
0.24052329066610248,0.26342830453059296,1.0
0.27850065235022226,0.26944184960299283,1.0
0.29295814379914625,0.25449556282111285,1.0
0.29475651468669595,0.3233302195235882,1.0
0.2604111569519356,0.24550443717888978,1.0
0.2965901477485089,0.33529892573563974,1.0
0.27850065235022226,0.23651331153666674,1.0
0.3327338763708157,0.28141055581503904,1.0
0.3164780140343452,0.2664642690331644,1.0
0.27670228146267256,0.24848201774871825,1.0
0.3110476391974329,0.3053479682391421,1.0
0.2875277689622339,0.3113615133115367,1.0
0.28209739412532164,0.27843297524521593,1.0
0.31284601008497936,0.3293437645959828,1.0
0.32730350153390336,0.371263428304532,1.0
0.24955040727811098,0.29040168145726214,1.0
0.2640431609013014,0.28438813638486754,1.0
0.2531824112274768,0.28742410088743897,1.0
0.2586127860643891,0.3263078000934167,1.0
0.27850065235022226,0.3472676319476913,1.0
0.2025459289819795,0.3023703876693136,1.0
0.23329454494164048,0.3173166744511936,1.0
0.2604111569519356,0.4191382531527328,1.0
0.28209739412532164,0.40716954694068125,1.0
0.23509291582919017,0.3622723026623089,1.0
0.27670228146267256,0.32035263895375976,1.0
0.2857293980746842,0.26944184960299283,1.0
0.2694382735639473,0.26045072396076446,1.0
0.28209739412532164,0.2664642690331644,1.0
0.30741563524806703,0.28438813638486754,1.0
0.28209739412532164,0.28438813638486754,1.0
0.33816425120772803,0.3532811770200859,1.0
0.30381889347297086,0.33529892573563974,1.0
0.35988575055537725,0.3173166744511936,1.0
0.3435946260446403,0.32035263895375976,1.0
0.35445537571846497,0.34429005137786284,1.0
0.3417962551570906,0.3323213451658113,1.0
0.5153919390669621,0.4430756655768358,1.0
0.17363094608413468,0.22150864082204907,0.0
0.24052329066610248,0.38019617001401207,0.0
0.1808596918085967,0.4311069593647843,0.0
0.14104869706266082,0.35030359645025744,0.0
0.08861384392961703,0.3323213451658113,0.0
0.16277019641031007,0.4161606725829043,0.0
0.17722768785923088,0.42812937879495583,0.0
0.13565358440001174,0.4131247080803382,0.0
0.22423216615536554,0.371263428304532,0.0
0.256779153002573,0.3832321345165835,0.0
0.32730350153390336,0.4041919663708581,0.0
0.28936140202404687,0.386209715086412,0.0
0.32550513064635367,0.44611163007940197,0.0
0.30381889347297086,0.23949089210649518,0.0
0.27850065235022226,0.24848201774871825,0.0
0.28029902323777195,0.2574731433909413,0.0
0.28209739412532164,0.23651331153666674,0.0
0.27850065235022226,0.26045072396076446,0.0
0.3164780140343452,0.272419430172816,0.0
0.2604111569519356,0.22752218589444367,0.0
0.27127190662576023,0.2514595983185414,0.0
0.2314961740540908,0.15862914525922533,0.0
0.33636588032017833,0.26045072396076446,0.0
0.30381889347297086,0.26342830453059296,0.0
0.28936140202404687,0.26944184960299283,0.0
0.3417962551570906,0.36822746380196053,0.0
0.3110476391974329,0.3263078000934167,0.0
0.30381889347297086,0.33827650630546824,0.0
0.35082337176910233,0.3293437645959828,0.0
0.6726964984660934,0.4430756655768358,0.0
0.49550407278112574,0.4161606725829043,0.0
0.40509185796396224,0.3083839327417082,0.0
0.376141612891851,0.2574731433909413,0.0
0.32730350153390336,0.2664642690331644,0.0
0.2676399026763976,0.3323213451658113,0.0
0.2115730455939912,0.3053479682391421,0.0
0.22063542438026615,0.3233302195235882,0.0
0.23329454494164048,0.3323213451658113,0.0
0.27850065235022226,0.3652498832321374,0.0
0.28209739412532164,0.3323213451658113,0.0
0.36528086321802633,0.23651331153666674,0.0
0.28936140202404687,0.17363381597384564,0.0
0.3001868895236083,0.13469173283512492,0.0
0.35625374660601467,0.17958897711349991,0.0
0.3146796431467955,0.17661139654367145,0.0
0.34539299693219,0.23651331153666674,0.0
0.3237067597588072,0.16464269033162257,0.0
0.3164780140343452,0.15267398411957106,0.0
0.352621742656652,0.2185310602522206,0.0
0.2983885186360586,0.19459364782811756,0.0
0.3237067597588072,0.26944184960299283,0.0
0.3291371345957195,0.2514595983185414,0.0
0.2857293980746842,0.1556515646893995,0.0
0.27670228146267256,0.14969640354974525,0.0
0.2604111569519356,0.09580803362914721,0.0
0.3182763849218917,0.11974544605324759,0.0
0.29115977291159656,0.11676786548341914,0.0
0.33816425120772803,0.17065623540401717,0.0
0.3110476391974329,0.12570060719290188,0.0
0.3110476391974329,0.14070527790751952,0.0
0.3327338763708157,0.20358477347034062,0.0
0.33816425120772803,0.23049976646427214,0.0
0.32550513064635367,0.3023703876693136,0.0
0.31284601008497936,0.26045072396076446,0.0
0.28393102718713453,0.11075432041102454,0.0
0.3960294791776841,0.1826249416160687,0.0
0.41591734546352044,0.2125758991125637,0.0
0.3001868895236083,0.10777673984119608,0.0
0.4068902288515087,0.23651331153666674,0.0
0.376141612891851,0.2574731433909413,0.0
0.35988575055537725,0.20953993460999756,0.0
0.37071123805493866,0.24848201774871825,0.0
0.41411897457597074,0.42211583372256123,0.0
0.35805211749356436,0.36822746380196053,0.0
0.37071123805493866,0.25449556282111285,0.0
0.5696251630875555,0.3233302195235882,0.0
0.5479389259141695,0.3652498832321374,0.0
0.450297965372544,0.28742410088743897,0.0
0.42497972424979535,0.31433909388136516,0.0
0.39423110829013763,0.26045072396076446,0.0
0.8047180789167457,0.5388836992059803,0.0
0.8607849359991521,0.5748482017748726,0.0
0.8571529320497895,0.577825782344701,0.0
0.8517225572128772,0.49398645492760274,0.0
0.7396241052223276,0.44611163007940197,1.0
0.7088754892626666,0.3981784212984582,1.0
0.647378257343348,0.3891872956562351,1.0
0.5895130293733887,0.34429005137786284,1.0
0.5551676716386316,0.3532811770200859,1.0
0.5623964173630935,0.3981784212984582,1.0
0.602172149934763,0.4490892106492304,1.0
0.5189886808420583,0.40115600186828665,1.0
0.4864416939948508,0.37424100887436046,1.0
0.5515356676892689,0.42211583372256123,1.0
0.5009344476180381,0.31433909388136516,1.0
0.5316478014034326,0.24246847267631835,1.0
0.4737825734334765,0.22752218589444367,1.0
0.5063295602806872,0.27843297524521593,1.0
0.5189886808420583,0.3263078000934167,1.0
0.5099615642300498,0.3323213451658113,1.0
0.464755456821468,0.34131247080803434,1.0
0.4737825734334765,0.3053479682391421,1.0
0.42497972424979535,0.3263078000934167,1.0
0.4593250819845525,0.3921648762260636,1.0
0.3435946260446403,0.3173166744511936,1.0
0.41232060368842105,0.42211583372256123,1.0
0.376141612891851,0.3293437645959828,1.0
0.3237067597588072,0.3053479682391421,1.0
0.41411897457597074,0.4311069593647843,1.0
0.37793998377939747,0.4191382531527328,1.0
0.34902500088155264,0.31433909388136516,1.0
0.2586127860643891,0.2933792620270906,1.0
0.34902500088155264,0.33827650630546824,1.0
0.34902500088155264,0.3562587575899143,1.0
0.4557283402094563,0.44611163007940197,1.0
0.4104869706266081,0.46105791686128195,1.0
0.3671144962798393,0.4131247080803382,1.0
0.3743432420043013,0.44009808500700737,1.0
0.3960294791776841,0.4580803362914535,1.0
0.3200747558094414,0.35030359645025744,1.0
0.4032582249021461,0.4101471275105097,1.0
0.29475651468669595,0.3263078000934167,1.0
0.2676399026763976,0.3113615133115367,1.0
0.33816425120772803,0.45504437178888735,1.0
0.32730350153390336,0.44009808500700737,1.0
0.3182763849218917,0.44009808500700737,1.0
0.41591734546352044,0.5298925735637573,1.0
0.34539299693219,0.4730266230733335,1.0
0.3797736168412136,0.5538883699205981,1.0
0.3978278500652338,0.559843531060255,1.0
0.40509185796396224,0.5388836992059803,1.0
0.4086885997390584,0.5538883699205981,1.0
0.35988575055537725,0.4131247080803382,1.0
0.3978278500652338,0.4101471275105097,1.0
0.36348249233047664,0.371263428304532,1.0
0.34722662999400294,0.38019617001401207,1.0
0.36168412144292694,0.3293437645959828,1.0
0.3671144962798393,0.31433909388136516,1.0
0.34902500088155264,0.3592363381597375,1.0
0.352621742656652,0.38019617001401207,1.0
0.3110476391974329,0.42211583372256123,1.0
0.2875277689622339,0.42211583372256123,1.0
0.32550513064635367,0.45504437178888735,1.0
0.3327338763708157,0.5000000000000027,1.0
0.27850065235022226,0.3113615133115367,1.0
0.352621742656652,0.371263428304532,1.0
0.34722662999400294,0.3532811770200859,1.0
0.33816425120772803,0.33827650630546824,1.0
0.3164780140343452,0.33529892573563974,1.0
0.30381889347297086,0.3562587575899143,1.0
0.4014598540145964,0.4161606725829043,1.0
0.4014598540145964,0.42211583372256123,1.0
0.47018583165838035,0.5029775805698311,1.0
0.419549349412883,0.49696403549743123,1.0
0.48101131915793854,0.5718122372723065,1.0
0.3833703586163098,0.4640354974311104,1.0
0.22063542438026615,0.34429005137786284,1.0
0.18988680842060518,0.386209715086412,1.0
0.037977361684119755,0.4371205044371789,0.0
0.05969886103176901,0.45504437178888735,0.0
0.05063648224549408,0.4430756655768358,0.0
0.05247011530731021,0.4820177487155565,0.0
0.09947459360344167,0.5388836992059803,0.0
0.1302232095630994,0.5359061186361519,0.0
0.06692760675623101,0.4790401681457281,0.0
0.1103353432772663,0.40115600186828665,0.0
0.09767622271589196,0.3592363381597375,0.0
0.11573045593991217,0.4251517982251274,0.0
0.21340667865580415,0.3113615133115367,0.0
0.28209739412532164,0.34131247080803434,0.0
0.27850065235022226,0.3472676319476913,0.0
0.29115977291159656,0.3592363381597375,0.0
0.22063542438026615,0.3263078000934167,0.0
0.22063542438026615,0.34429005137786284,0.0
0.20074755809442982,0.3263078000934167,0.0
0.22243379526781584,0.31433909388136516,0.0
0.3219083888712575,0.4430756655768358,0.0
0.22966254099227784,0.3173166744511936,0.0
0.28209739412532164,0.4041919663708581,0.0
0.3146796431467955,0.4041919663708581,0.0
0.3110476391974329,0.2993928070994852,0.0
0.3417962551570906,0.26944184960299283,0.0
0.3291371345957195,0.3173166744511936,0.0
0.32730350153390336,0.3233302195235882,0.0
0.2640431609013014,0.24550443717888978,0.0
0.30381889347297086,0.3263078000934167,0.0
0.2640431609013014,0.28742410088743897,0.0
0.2748686484008596,0.3323213451658113,0.0
0.29295814379914625,0.3562587575899143,0.0
0.36168412144292694,0.3323213451658113,0.0
0.3291371345957195,0.3323213451658113,0.0
0.330935505483266,0.27539701074264444,0.0
0.330935505483266,0.3323213451658113,0.0
0.3345675094326318,0.31433909388136516,0.0
0.27670228146267256,0.28141055581503904,0.0
0.2983885186360586,0.33529892573563974,0.0
0.2965901477485089,0.3113615133115367,0.0
0.37793998377939747,0.371263428304532,0.0
0.35625374660601467,0.4191382531527328,0.0
0.35625374660601467,0.40716954694068125,0.0
0.3870023625656756,0.3891872956562351,0.0
0.35805211749356436,0.2933792620270906,0.0
0.33636588032017833,0.20953993460999756,0.0
0.30202052258542117,0.17363381597384564,0.0
0.31284601008497936,0.22150864082204907,0.0
0.32730350153390336,0.23949089210649518,0.0
0.3237067597588072,0.23651331153666674,0.0
0.6184632744455,0.42812937879495583,0.0
0.7088754892626666,0.4790401681457281,0.0
0.6618710109665352,0.4311069593647843,0.0
0.5877146584858421,0.4101471275105097,0.0
0.4991008145562251,0.38019617001401207,0.0
0.41591734546352044,0.3053479682391421,0.0
0.35988575055537725,0.33827650630546824,0.0
0.30741563524806703,0.3293437645959828,0.0
0.28209739412532164,0.3233302195235882,0.0
0.30741563524806703,0.34429005137786284,0.0
0.2622095278394853,0.38019617001401207,0.0
0.23509291582919017,0.3263078000934167,0.0
0.2604111569519356,0.33529892573563974,0.0
0.2549807821150233,0.23049976646427214,0.0
0.32730350153390336,0.32035263895375976,0.0
0.3182763849218917,0.3083839327417082,0.0
0.30561726436052056,0.3083839327417082,0.0
0.27850065235022226,0.23949089210649518,0.0
0.3164780140343452,0.33529892573563974,0.0
0.23689128671673665,0.296356842596919,0.0
0.2748686484008596,0.33827650630546824,0.0
0.3146796431467955,0.3083839327417082,0.0
0.3237067597588072,0.2933792620270906,0.0
0.31284601008497936,0.24848201774871825,0.0
0.3237067597588072,0.3293437645959828,0.0
0.2965901477485089,0.25449556282111285,0.0
0.30381889347297086,0.24550443717888978,0.0
0.34902500088155264,0.3532811770200859,0.0
0.6238936492824122,0.4430756655768358,0.0
0.7631087132832601,0.5119687062120541,0.0
0.7811982086815468,0.5419196637085465,0.0
0.7902605874678217,0.5089327417094828,0.0
0.7251666137734036,0.39520084072863504,1.0
0.6003737790472133,0.34131247080803434,1.0
0.6003737790472133,0.3293437645959828,1.0
0.5027328185055878,0.2933792620270906,1.0
0.49367043971931285,0.3622723026623089,1.0
0.4322084699742574,0.26342830453059296,1.0
0.4466659614231814,0.3832321345165835,1.0
0.44123558658626905,0.4131247080803382,1.0
0.4104869706266081,0.33529892573563974,1.0
0.4304100990867077,0.2574731433909413,1.0
0.419549349412883,0.22752218589444367,1.0
0.36891286716738897,0.1916160672582891,1.0
0.36348249233047664,0.1916160672582891,1.0
0.3797736168412136,0.15862914525922533,1.0
0.35988575055537725,0.35030359645025744,1.0
0.3164780140343452,0.3652498832321374,1.0
0.35625374660601467,0.3532811770200859,1.0
0.2604111569519356,0.16464269033162257,1.0
0.3219083888712575,0.2125758991125637,1.0
0.35625374660601467,0.3173166744511936,1.0
0.27850065235022226,0.2574731433909413,1.0
0.23329454494164048,0.14969640354974525,1.0
0.2477520363905613,0.3113615133115367,1.0
0.2875277689622339,0.272419430172816,1.0
0.28029902323777195,0.1826249416160687,1.0
0.28936140202404687,0.23049976646427214,1.0
0.3797736168412136,0.3293437645959828,1.0
0.3200747558094414,0.3323213451658113,1.0
0.27127190662576023,0.24848201774871825,1.0
0.2748686484008596,0.24848201774871825,1.0
0.256779153002573,0.31433909388136516,1.0
0.256779153002573,0.2993928070994852,1.0
0.2549807821150233,0.272419430172816,1.0
0.2604111569519356,0.18560252218589451,1.0
0.2857293980746842,0.24848201774871825,1.0
0.2586127860643891,0.23049976646427214,1.0
0.27670228146267256,0.3293437645959828,1.0
0.2586127860643891,0.3323213451658113,1.0
0.22786417010472815,0.23949089210649518,1.0
0.2531824112274768,0.28438813638486754,1.0
0.2314961740540908,0.2574731433909413,1.0
0.2604111569519356,0.21555347968239216,1.0
0.3219083888712575,0.34429005137786284,1.0
0.2658415317888479,0.24550443717888978,1.0
0.24595366550301478,0.25449556282111285,1.0
0.2748686484008596,0.24848201774871825,1.0
0.256779153002573,0.2664642690331644,1.0
0.2640431609013014,0.24848201774871825,1.0
0.2730702775133099,0.28742410088743897,1.0
0.28393102718713453,0.21555347968239216,1.0
0.27670228146267256,0.24848201774871825,1.0
0.36348249233047664,0.3592363381597375,1.0
0.35988575055537725,0.3592363381597375,1.0
0.3092492683098832,0.3233302195235882,1.0
0.3291371345957195,0.35030359645025744,1.0
0.35082337176910233,0.3981784212984582,1.0
0.37793998377939747,0.42812937879495583,1.0
0.36891286716738897,0.46707146193367655,1.0
0.3219083888712575,0.3562587575899143,1.0
0.41591734546352044,0.39520084072863504,1.0
0.42677809513734505,0.3562587575899143,1.0
0.4014598540145964,0.4101471275105097,1.0
0.3996614831270499,0.40115600186828665,1.0
0.4466659614231814,0.4430756655768358,1.0
0.3888007334532221,0.4131247080803382,1.0
0.36168412144292694,0.33827650630546824,1.0
0.352621742656652,0.34131247080803434,1.0
0.3870023625656756,0.38019617001401207,1.0
0.4014598540145964,0.4131247080803382,1.0
0.40509185796396224,0.44611163007940197,1.0
0.4032582249021461,0.31433909388136516,1.0
0.457526711097006,0.39520084072863504,1.0
0.43943721569871935,0.3532811770200859,1.0
0.3870023625656756,0.3323213451658113,1.0
0.3852039916781259,0.34131247080803434,1.0
0.3833703586163098,0.32035263895375976,1.0
0.4231460911879824,0.4371205044371789,1.0
0.42857646602489474,0.4191382531527328,1.0
0.42857646602489474,0.4251517982251274,1.0
0.4014598540145964,0.4490892106492304,1.0
0.4340068408618071,0.3832321345165835,1.0
0.3671144962798393,0.17065623540401717,1.0
0.4068902288515087,0.24246847267631835,1.0
0.3870023625656756,0.24848201774871825,1.0
0.4340068408618071,0.33827650630546824,1.0
0.450297965372544,0.36822746380196053,1.0
0.4448675905356317,0.3532811770200859,1.0
0.4557283402094563,0.43408453993461277,1.0
0.41591734546352044,0.2514595983185414,1.0
0.376141612891851,0.20953993460999756,1.0
0.39243273740258794,0.18858010275572296,1.0
0.3888007334532221,0.19459364782811756,1.0
0.3797736168412136,0.21555347968239216,1.0
0.3417962551570906,0.1826249416160687,1.0
0.3797736168412136,0.2664642690331644,1.0
0.3905991043407718,0.26342830453059296,1.0
0.39243273740258794,0.26944184960299283,1.0
0.4322084699742574,0.3293437645959828,1.0
0.40509185796396224,0.32035263895375976,1.0
0.41232060368842105,0.33827650630546824,1.0
0.40509185796396224,0.32035263895375976,1.0
0.4340068408618071,0.3592363381597375,1.0
0.36528086321802633,0.24550443717888978,1.0
0.34902500088155264,0.24848201774871825,1.0
0.352621742656652,0.20953993460999756,1.0
0.34539299693219,0.25449556282111285,1.0
0.2857293980746842,0.22150864082204907,1.0
0.32550513064635367,0.23949089210649518,1.0
0.36348249233047664,0.34429005137786284,1.0
0.3852039916781259,0.4101471275105097,1.0
0.32550513064635367,0.22752218589444367,1.0
0.352621742656652,0.24550443717888978,1.0
0.3852039916781259,0.2514595983185414,1.0
0.3399626220952777,0.26944184960299283,1.0
0.31284601008497936,0.31433909388136516,1.0
0.33816425120772803,0.3323213451658113,1.0
0.33816425120772803,0.3472676319476913,1.0
0.30741563524806703,0.26944184960299283,1.0
0.32730350153390336,0.2125758991125637,1.0
0.30741563524806703,0.2065623540401691,1.0
0.32550513064635367,0.24848201774871825,1.0
0.3417962551570906,0.31433909388136516,1.0
0.3164780140343452,0.3023703876693136,1.0
0.3200747558094414,0.3113615133115367,1.0
0.3200747558094414,0.33827650630546824,1.0
0.32550513064635367,0.3323213451658113,1.0
0.3725448711167516,0.36822746380196053,1.0
0.33816425120772803,0.40115600186828665,1.0
0.2640431609013014,0.3263078000934167,1.0
0.33816425120772803,0.3263078000934167,1.0
0.3345675094326318,0.296356842596919,1.0
0.3743432420043013,0.23353573096683827,1.0
0.3905991043407718,0.32035263895375976,1.0
0.3833703586163098,0.28742410088743897,1.0
0.32550513064635367,0.23049976646427214,1.0
0.3852039916781259,0.34429005137786284,1.0
0.39243273740258794,0.37424100887436046,1.0
0.39423110829013763,0.3263078000934167,1.0
0.3833703586163098,0.34429005137786284,1.0
0.3833703586163098,0.34131247080803434,1.0
0.35988575055537725,0.3891872956562351,1.0
0.4032582249021461,0.43408453993461277,1.0
0.4086885997390584,0.4251517982251274,1.0
0.3852039916781259,0.3053479682391421,1.0
0.3870023625656756,0.34131247080803434,1.0
0.2965901477485089,0.3053479682391421,1.0
0.256779153002573,0.24246847267631835,1.0
0.3146796431467955,0.3323213451658113,1.0
0.3200747558094414,0.4311069593647843,1.0
0.27670228146267256,0.4161606725829043,1.0
0.31284601008497936,0.25449556282111285,1.0
0.34539299693219,0.29040168145726214,1.0
0.35988575055537725,0.3293437645959828,1.0
0.376141612891851,0.3263078000934167,1.0
0.4086885997390584,0.43408453993461277,1.0
0.3725448711167516,0.4191382531527328,1.0
0.36168412144292694,0.4311069593647843,1.0
0.32730350153390336,0.3832321345165835,1.0
0.352621742656652,0.4131247080803382,1.0
0.2748686484008596,0.3323213451658113,1.0
0.2314961740540908,0.26045072396076446,1.0
0.2604111569519356,0.17661139654367145,1.0
0.30741563524806703,0.2514595983185414,1.0
0.30561726436052056,0.25449556282111285,1.0
0.2983885186360586,0.2514595983185414,1.0
0.27127190662576023,0.21555347968239216,1.0
0.2604111569519356,0.21555347968239216,1.0
0.2640431609013014,0.24246847267631835,1.0
0.30561726436052056,0.3293437645959828,1.0
0.30561726436052056,0.33827650630546824,1.0
0.28029902323777195,0.296356842596919,1.0
0.29115977291159656,0.33827650630546824,1.0
0.35805211749356436,0.3921648762260636,1.0
0.3725448711167516,0.3532811770200859,1.0
0.3146796431467955,0.2574731433909413,1.0
0.3399626220952777,0.3023703876693136,1.0
0.31284601008497936,0.3083839327417082,1.0
0.3435946260446403,0.32035263895375976,1.0
0.32550513064635367,0.3083839327417082,1.0
0.3291371345957195,0.3233302195235882,1.0
0.34722662999400294,0.2993928070994852,1.0
0.2875277689622339,0.3233302195235882,1.0
0.34902500088155264,0.42211583372256123,1.0
0.32550513064635367,0.3293437645959828,1.0
0.3327338763708157,0.2514595983185414,1.0
0.2875277689622339,0.2065623540401691,1.0
0.2730702775133099,0.2005488089677745,1.0
0.35445537571846497,0.28438813638486754,1.0
0.3237067597588072,0.2664642690331644,1.0
0.2965901477485089,0.1916160672582891,1.0
0.3219083888712575,0.24246847267631835,1.0
0.34722662999400294,0.40716954694068125,1.0
0.34722662999400294,0.4131247080803382,1.0
0.3146796431467955,0.2185310602522206,1.0
0.28393102718713453,0.17065623540401717,1.0
0.33636588032017833,0.3293437645959828,1.0
0.35082337176910233,0.34429005137786284,1.0
0.35082337176910233,0.33827650630546824,1.0
0.352621742656652,0.2664642690331644,1.0
0.33636588032017833,0.2664642690331644,1.0
0.31284601008497936,0.23949089210649518,1.0
0.3164780140343452,0.23353573096683827,1.0
0.330935505483266,0.272419430172816,1.0
0.2983885186360586,0.2574731433909413,1.0
0.30561726436052056,0.24550443717888978,1.0
0.34539299693219,0.3173166744511936,1.0
0.330935505483266,0.3233302195235882,1.0
0.330935505483266,0.33529892573563974,1.0
0.3417962551570906,0.34429005137786284,1.0
0.30741563524806703,0.3113615133115367,1.0
0.30202052258542117,0.23353573096683827,1.0
0.3291371345957195,0.2574731433909413,1.0
0.2983885186360586,0.23949089210649518,1.0
0.30202052258542117,0.1916160672582891,1.0
0.2983885186360586,0.2185310602522206,1.0
0.330935505483266,0.3053479682391421,1.0
0.30202052258542117,0.34131247080803434,1.0
0.29475651468669595,0.296356842596919,1.0
0.35988575055537725,0.43408453993461277,1.0
0.33636588032017833,0.40716954694068125,1.0
0.1320215804506491,0.2005488089677745,1.0
0.07595472336824272,0.14969640354974525,1.0
0.14831270496138604,0.22150864082204907,0.0
0.14831270496138604,0.24550443717888978,0.0
0.16097182552276038,0.2993928070994852,0.0
0.17542931697168437,0.28742410088743897,0.0
0.15370781762403513,0.27539701074264444,0.0
0.15011107584893574,0.2185310602522206,0.0
0.17902605874678057,0.3263078000934167,0.0
0.1989139250326169,0.3233302195235882,0.0
0.22786417010472815,0.25449556282111285,0.0
0.22786417010472815,0.272419430172816,0.0
0.22063542438026615,0.23353573096683827,0.0
0.2531824112274768,0.26944184960299283,0.0
0.30381889347297086,0.3233302195235882,0.0
0.31284601008497936,0.3532811770200859,0.0
0.32730350153390336,0.3532811770200859,0.0
0.35625374660601467,0.4191382531527328,0.0
0.6112345287210411,0.5958080336291472,0.0
0.6130328996085876,0.5958080336291472,0.0
0.5841179167107428,0.5448972442783749,0.0
0.4322084699742574,0.4430756655768358,0.0
0.36891286716738897,0.3592363381597375,0.0
0.36168412144292694,0.3622723026623089,0.0
0.35805211749356436,0.3263078000934167,0.0
0.3164780140343452,0.296356842596919,0.0
0.28393102718713453,0.2664642690331644,0.0
0.3092492683098832,0.3263078000934167,0.0
0.2622095278394853,0.24848201774871825,0.0
0.30202052258542117,0.34131247080803434,0.0
0.29475651468669595,0.35030359645025744,0.0
0.30741563524806703,0.33827650630546824,0.0
0.29115977291159656,0.19757122839794602,0.0
0.36348249233047664,0.3023703876693136,0.0
0.352621742656652,0.3173166744511936,0.0
0.34539299693219,0.3113615133115367,0.0
0.33636588032017833,0.32035263895375976,0.0
0.34722662999400294,0.40716954694068125,0.0
0.35625374660601467,0.4101471275105097,0.0
0.3435946260446403,0.3622723026623089,0.0
0.3291371345957195,0.3472676319476913,0.0
0.33816425120772803,0.27539701074264444,0.0
0.2983885186360586,0.20358477347034062,0.0
0.28936140202404687,0.23949089210649518,0.0
0.34902500088155264,0.2514595983185414,0.0
0.3399626220952777,0.2574731433909413,0.0
0.33816425120772803,0.24550443717888978,0.0
0.3345675094326318,0.23353573096683827,0.0
0.3219083888712575,0.2514595983185414,0.0
0.3327338763708157,0.272419430172816,0.0
0.35805211749356436,0.3263078000934167,0.0
0.6274903910575117,0.43408453993461277,0.0
0.43580521174935677,0.24550443717888978,0.0
0.3996614831270499,0.22150864082204907,0.0
0.376141612891851,0.18858010275572296,0.0
0.3833703586163098,0.25449556282111285,0.0
0.3435946260446403,0.22752218589444367,0.0
0.36348249233047664,0.26944184960299283,0.0
0.352621742656652,0.27843297524521593,0.0
0.32730350153390336,0.22752218589444367,0.0
0.330935505483266,0.24848201774871825,0.0
0.30381889347297086,0.28742410088743897,0.0
0.3092492683098832,0.33827650630546824,0.0
0.2586127860643891,0.2933792620270906,0.0
0.2983885186360586,0.22150864082204907,0.0
0.330935505483266,0.26045072396076446,0.0
0.2694382735639473,0.1916160672582891,0.0
0.27127190662576023,0.20953993460999756,0.0
0.24052329066610248,0.15862914525922533,0.0
0.28209739412532164,0.24246847267631835,0.0
0.28209739412532164,0.23949089210649518,0.0
0.23872491977855279,0.1916160672582891,0.0
0.23872491977855279,0.17065623540401717,0.0
0.2640431609013014,0.24550443717888978,0.0
0.27670228146267256,0.3113615133115367,0.0
0.2694382735639473,0.16464269033162257,0.0
0.20797630381889182,0.07484820177487263,0.0
0.2441552946154651,0.1556515646893995,0.0
0.2549807821150233,0.17661139654367145,0.0
0.28936140202404687,0.3323213451658113,0.0
0.3146796431467955,0.24246847267631835,0.0
0.28393102718713453,0.23651331153666674,0.0
0.2983885186360586,0.2574731433909413,0.0
0.29475651468669595,0.2514595983185414,0.0
0.3001868895236083,0.3323213451658113,0.0
0.31284601008497936,0.371263428304532,0.0
0.30741563524806703,0.3263078000934167,0.0
0.27850065235022226,0.24848201774871825,0.0
0.30561726436052056,0.24246847267631835,0.0
0.37793998377939747,0.28438813638486754,0.0
0.3905991043407718,0.34429005137786284,0.0
0.35445537571846497,0.26045072396076446,0.0
0.35988575055537725,0.25449556282111285,0.0
0.4032582249021461,0.33529892573563974,0.0
0.34722662999400294,0.24550443717888978,0.0
0.37071123805493866,0.3293437645959828,0.0
0.330935505483266,0.3233302195235882,0.0
0.3399626220952777,0.33827650630546824,0.0
0.3725448711167516,0.33827650630546824,0.0
0.3399626220952777,0.22150864082204907,0.0
0.33636588032017833,0.20358477347034062,0.0
0.29295814379914625,0.24246847267631835,0.0
0.33816425120772803,0.3053479682391421,0.0
0.32730350153390336,0.33827650630546824,0.0
0.3417962551570906,0.4101471275105097,0.0
0.34722662999400294,0.386209715086412,0.0
0.32730350153390336,0.386209715086412,0.0
0.35805211749356436,0.38019617001401207,0.0
0.3743432420043013,0.33529892573563974,0.0
0.34902500088155264,0.28742410088743897,0.0
0.35988575055537725,0.26342830453059296,0.0
0.3671144962798393,0.28141055581503904,0.0
0.30741563524806703,0.2065623540401691,0.0
0.3417962551570906,0.24848201774871825,0.0
0.34902500088155264,0.24848201774871825,0.0
0.3291371345957195,0.23949089210649518,0.0
0.33816425120772803,0.2574731433909413,0.0
0.32550513064635367,0.27539701074264444,0.0
0.3092492683098832,0.3173166744511936,0.0
0.2857293980746842,0.26342830453059296,0.0
0.28393102718713453,0.2933792620270906,0.0
0.2640431609013014,0.21555347968239216,0.0
0.24232166155364895,0.09878561419897301,0.0
0.28393102718713453,0.15862914525922533,0.0
0.2531824112274768,0.10777673984119608,0.0
0.2622095278394853,0.1616651097617941,0.0
0.3110476391974329,0.2574731433909413,0.0
0.2658415317888479,0.2185310602522206,0.0
0.2676399026763976,0.24848201774871825,0.0
0.2640431609013014,0.2664642690331644,0.0
0.2875277689622339,0.3263078000934167,0.0
0.27670228146267256,0.3053479682391421,0.0
0.3417962551570906,0.24550443717888978,0.0
0.3852039916781259,0.24848201774871825,0.0
0.36891286716738897,0.24848201774871825,0.0
0.3797736168412136,0.33529892573563974,0.0
0.35445537571846497,0.24246847267631835,0.0
0.27850065235022226,0.2933792620270906,0.0
0.3164780140343452,0.2574731433909413,0.0
0.3146796431467955,0.2664642690331644,0.0
0.32550513064635367,0.3233302195235882,0.0
0.30741563524806703,0.272419430172816,0.0
0.3291371345957195,0.3023703876693136,0.0
0.3146796431467955,0.4161606725829043,0.0
0.34902500088155264,0.44611163007940197,0.0
0.3399626220952777,0.3263078000934167,0.0
0.43580521174935677,0.577825782344701,0.0
0.4322084699742574,0.5868169079869241,0.0
0.37793998377939747,0.3592363381597375,0.0
0.3852039916781259,0.3472676319476913,0.0
0.39423110829013763,0.36822746380196053,0.0
0.4177509785253333,0.4131247080803382,0.0
0.36168412144292694,0.386209715086412,0.0
0.4611234528721022,0.5538883699205981,0.0
0.4068902288515087,0.5119687062120541,0.0
0.4719842025459268,0.4191382531527328,0.0
0.43580521174935677,0.43408453993461277,0.0
0.42497972424979535,0.42211583372256123,0.0
0.7486512218343361,1.0,0.0
0.7577136006206142,0.9939864549276054,0.0
0.7341937303854154,0.9880312937879537,0.0
0.7251666137734036,0.9670714619336792,0.0
0.6944179978137427,0.8801961700140147,0.0
0.6293240241193245,0.7035847734703433,0.0
0.602172149934763,0.7095399346099949,0.0
0.602172149934763,0.6856025221858971,0.0
0.5678267922000059,0.6706562354040172,0.0
0.5841179167107428,0.7095399346099949,0.0
0.594943404210301,0.7095399346099949,0.0
0.5714587961493685,0.6945936478281203,0.0
0.6003737790472133,0.7095399346099949,0.0
0.5660284213124561,0.6107543204110218,0.0
0.5877146584858421,0.5658570761326496,0.0
0.5786875418738305,0.5927720691265758,0.0
0.5967770372721172,0.5568659504904265,0.0
0.5696251630875555,0.5119687062120541,0.0
0.5298494305158828,0.49696403549743123,0.0
0.5750555379244678,0.559843531060255,0.0
0.5153919390669621,0.5269149929939289,0.0
0.47921294827038885,0.5000000000000027,0.0
0.48101131915793854,0.5269149929939289,0.0
0.4846433231073011,0.5359061186361519,0.0
0.4737825734334765,0.4041919663708581,0.0
0.5226206847914241,0.4430756655768358,0.0
0.5208223139038745,0.44009808500700737,0.0
0.47741457738283916,0.4191382531527328,0.0
0.48284495221975143,0.43408453993461277,0.0
0.42677809513734505,0.33827650630546824,0.0
0.41411897457597074,0.40716954694068125,0.0
0.4213477203004327,0.44009808500700737,0.0
0.4068902288515087,0.40716954694068125,0.0
0.4104869706266081,0.4101471275105097,0.0
0.3833703586163098,0.27539701074264444,0.0
0.3833703586163098,0.26944184960299283,0.0
0.3852039916781259,0.4131247080803382,0.0
0.4032582249021461,0.4101471275105097,0.0
0.376141612891851,0.3263078000934167,0.0
0.4231460911879824,0.4191382531527328,0.0
0.4086885997390584,0.42812937879495583,0.0
0.3905991043407718,0.42812937879495583,0.0
0.4014598540145964,0.42812937879495583,0.0
0.41411897457597074,0.44009808500700737,0.0
0.5696251630875555,0.5269149929939289,0.0
0.8119468246412045,0.4520667912190589,0.0
0.5750555379244678,0.34131247080803434,1.0
0.4466659614231814,0.33827650630546824,1.0
0.4104869706266081,0.3472676319476913,1.0
0.35445537571846497,0.34131247080803434,1.0
0.36168412144292694,0.33827650630546824,1.0
0.33636588032017833,0.24550443717888978,1.0
0.36528086321802633,0.2514595983185414,1.0
0.36891286716738897,0.25449556282111285,1.0
0.3815719877287633,0.2993928070994852,1.0
0.31284601008497936,0.24848201774871825,1.0
0.2477520363905613,0.18560252218589451,1.0
0.32730350153390336,0.31433909388136516,1.0
0.443069219648082,0.44009808500700737,1.0
0.43580521174935677,0.40716954694068125,1.0
0.443069219648082,0.44009808500700737,1.0
0.464755456821468,0.4371205044371789,1.0
0.36891286716738897,0.3173166744511936,1.0
0.4177509785253333,0.34131247080803434,1.0
0.3671144962798393,0.3083839327417082,1.0
0.4032582249021461,0.33529892573563974,1.0
0.36528086321802633,0.3053479682391421,1.0
0.36168412144292694,0.28438813638486754,1.0
0.4719842025459268,0.4251517982251274,1.0
0.4846433231073011,0.470049042503505,1.0
0.4991008145562251,0.5269149929939289,1.0
0.49187206883176315,0.5029775805698311,1.0
0.4213477203004327,0.4131247080803382,1.0
0.4340068408618071,0.3592363381597375,1.0
0.450297965372544,0.33529892573563974,1.0
0.41411897457597074,0.23949089210649518,1.0
0.37071123805493866,0.22752218589444367,1.0
0.36168412144292694,0.23049976646427214,1.0
0.3200747558094414,0.21555347968239216,1.0
0.30381889347297086,0.22752218589444367,1.0
0.30202052258542117,0.23651331153666674,1.0
0.2640431609013014,0.23651331153666674,1.0
0.2857293980746842,0.23353573096683827,1.0
0.3200747558094414,0.31433909388136516,1.0
0.3743432420043013,0.45504437178888735,1.0
0.3905991043407718,0.4520667912190589,1.0
0.3417962551570906,0.4041919663708581,1.0
0.35625374660601467,0.42812937879495583,1.0
0.3725448711167516,0.37424100887436046,1.0
0.41232060368842105,0.4161606725829043,1.0
0.3327338763708157,0.33529892573563974,1.0
0.3888007334532221,0.42211583372256123,1.0
0.376141612891851,0.371263428304532,1.0
0.3743432420043013,0.4251517982251274,1.0
0.3146796431467955,0.34131247080803434,1.0
0.3146796431467955,0.3472676319476913,1.0
0.3200747558094414,0.3532811770200859,1.0
0.3435946260446403,0.4101471275105097,1.0
0.35082337176910233,0.3323213451658113,1.0
0.36528086321802633,0.3323213451658113,1.0
0.3291371345957195,0.28141055581503904,1.0
0.3399626220952777,0.26944184960299283,1.0
0.34539299693219,0.296356842596919,1.0
0.352621742656652,0.33827650630546824,1.0
0.4213477203004327,0.42211583372256123,1.0
0.5859162875982925,0.6616651097617942,1.0
0.5623964173630935,0.6766113965436741,1.0
0.5913466624352048,0.7155534796823948,1.0
0.6238936492824122,0.7574731433909386,1.0
0.6528086321802603,0.8352989257356371,1.0
0.6636693818540849,0.7155534796823948,1.0
0.6690997566909972,0.7455044371788925,1.0
0.6708981275785437,0.7394908921064925,1.0
0.6763285024154593,0.7365133115366694,1.0
0.6329207658944239,0.7394908921064925,1.0
0.6329207658944239,0.751459598318544,1.0
0.6383511407313363,0.7394908921064925,1.0
0.6365527698437866,0.7874241008874363,1.0
0.602172149934763,0.7006071929005149,1.0
0.6148312704961373,0.8113615133115394,1.0
0.5985754081596668,0.7904016814572647,1.0
0.602172149934763,0.7904016814572647,1.0
0.5822842836489299,0.7843881363848701,1.0
0.6058041538841288,0.8053479682391448,1.0
0.5895130293733887,0.8053479682391448,1.0
0.5641947882506433,0.7754553946753848,1.0
0.5425085510772573,0.6856025221858971,1.0
0.6238936492824122,0.7125758991125664,1.0
0.6455798864557982,0.7155534796823948,1.0
0.6817588772523715,0.7335357309668409,1.0
0.7269649846609533,0.8083839327417109,1.0
0.7034451144257544,0.7304997664642695,1.0
0.7359921012729618,0.8383348902382085,1.0
0.6492118904051609,0.7125758991125664,1.0
0.49367043971931285,0.46105791686128195,1.0
0.4846433231073011,0.4880312937879511,1.0
0.4593250819845525,0.5179238673517058,1.0
0.450297965372544,0.5209598318542772,1.0
0.4068902288515087,0.5269149929939289,1.0
0.4213477203004327,0.5958080336291472,1.0
0.41591734546352044,0.5388836992059803,1.0
0.39243273740258794,0.44009808500700737,1.0
0.4629570859339183,0.5239374124241004,1.0
0.36168412144292694,0.5239374124241004,1.0
0.2477520363905613,0.5239374124241004,1.0
0.23509291582919017,0.5628794955628211,1.0
0.22243379526781584,0.5748482017748726,1.0
0.2513840403399271,0.6287365716954734,0.0
0.2115730455939912,0.49696403549743123,0.0
0.21520504954335384,0.4880312937879511,0.0
0.17902605874678057,0.40716954694068125,0.0
0.22063542438026615,0.4161606725829043,0.0
0.23329454494164048,0.42211583372256123,0.0
0.2586127860643891,0.3562587575899143,0.0
0.2531824112274768,0.4101471275105097,0.0
0.30381889347297086,0.4730266230733335,0.0
0.44123558658626905,0.6017631947687988,0.0
0.4014598540145964,0.5748482017748726,0.0
0.3852039916781259,0.4311069593647843,0.0
0.39423110829013763,0.5149462867818774,0.0
0.3960294791776841,0.5149462867818774,0.0
0.32730350153390336,0.6197454460532502,0.0
0.31284601008497936,0.6137319009808504,0.0
0.31284601008497936,0.6257006071929019,0.0
0.3435946260446403,0.6616651097617942,0.0
0.3200747558094414,0.6377276973376964,0.0
0.24595366550301478,0.5298925735637573,0.0
0.30561726436052056,0.4041919663708581,0.0
0.4086885997390584,0.4101471275105097,0.0
0.3960294791776841,0.4161606725829043,0.0
0.36891286716738897,0.4131247080803382,0.0
0.330935505483266,0.35030359645025744,0.0
0.35988575055537725,0.34131247080803434,0.0
0.3743432420043013,0.3891872956562351,0.0
0.33816425120772803,0.3652498832321374,0.0
0.3182763849218917,0.3592363381597375,0.0
0.3996614831270499,0.44009808500700737,0.0
0.3399626220952777,0.42812937879495583,0.0
0.3435946260446403,0.44611163007940197,0.0
0.3996614831270499,0.49100887435777957,0.0
0.32550513064635367,0.33529892573563974,0.0
0.3833703586163098,0.3263078000934167,0.0
0.3435946260446403,0.33827650630546824,0.0
0.36891286716738897,0.3562587575899143,0.0
0.3417962551570906,0.40115600186828665,0.0
0.3435946260446403,0.4251517982251274,0.0
0.37071123805493866,0.4760042036431566,0.0
0.36528086321802633,0.5298925735637573,0.0
0.35805211749356436,0.5029775805698311,0.0
0.36348249233047664,0.49100887435777957,0.0
0.33636588032017833,0.4131247080803382,0.0
0.3399626220952777,0.4161606725829043,0.0
0.3219083888712575,0.3293437645959828,0.0
0.28209739412532164,0.3233302195235882,0.0
0.28209739412532164,0.3263078000934167,0.0
0.27127190662576023,0.36822746380196053,0.0
0.3164780140343452,0.44611163007940197,0.0
0.30202052258542117,0.40115600186828665,0.0
0.30381889347297086,0.4101471275105097,0.0
0.2983885186360586,0.43408453993461277,0.0
0.33636588032017833,0.4371205044371789,0.0
0.1826580626961464,0.29040168145726214,0.0
0.21700342043090354,0.2993928070994852,0.0
0.27850065235022226,0.37424100887436046,0.0
0.2513840403399271,0.3921648762260636,0.0
0.28936140202404687,0.296356842596919,0.0
0.3345675094326318,0.3173166744511936,0.0
0.4719842025459268,0.4251517982251274,0.0
0.5497372968017192,0.42812937879495583,0.0
0.8643816777742515,0.6826249416160687,0.0
0.37071123805493866,0.5029775805698311,1.0
0.39423110829013763,0.4820177487155565,1.0
0.3291371345957195,0.3113615133115367,0.0
0.2622095278394853,0.2245446053246152,0.0
0.2676399026763976,0.22752218589444367,0.0
0.28029902323777195,0.23651331153666674,0.0
0.2748686484008596,0.2574731433909413,0.0
0.2549807821150233,0.2664642690331644,0.0
0.3291371345957195,0.3622723026623089,0.0
0.24052329066610248,0.25449556282111285,0.0
0.2640431609013014,0.32035263895375976,0.0
0.2730702775133099,0.31433909388136516,0.0
0.2640431609013014,0.34429005137786284,0.0
0.27850065235022226,0.3472676319476913,0.0
0.27670228146267256,0.3263078000934167,0.0
0.28029902323777195,0.26045072396076446,0.0
0.3001868895236083,0.3323213451658113,0.0
0.3092492683098832,0.3263078000934167,0.0
0.28393102718713453,0.28141055581503904,0.0
0.33636588032017833,0.35030359645025744,0.0
0.5822842836489299,0.5059551611396542,0.0
0.7739694629570848,0.652673984119571,0.0
0.7902605874678217,0.5089327417094828,0.0
0.8191755703656666,0.5269149929939289,0.0
0.6980147395888421,0.5059551611396542,0.0
0.5967770372721172,0.44009808500700737,1.0
0.5063295602806872,0.39520084072863504,1.0
0.3888007334532221,0.33827650630546824,1.0
0.28936140202404687,0.3263078000934167,1.0
0.23509291582919017,0.2574731433909413,1.0
0.21340667865580415,0.272419430172816,1.0
0.2658415317888479,0.33529892573563974,0.0
0.2043442998695292,0.3113615133115367,0.0
0.20797630381889182,0.3023703876693136,0.0
0.22606579921717845,0.26045072396076446,0.0
0.22786417010472815,0.24550443717888978,0.0
0.24955040727811098,0.22150864082204907,0.0
0.2441552946154651,0.19459364782811756,0.0
0.24595366550301478,0.2185310602522206,0.0
0.24955040727811098,0.2005488089677745,0.0
0.21700342043090354,0.20358477347034062,0.0
0.2513840403399271,0.2065623540401691,0.0
0.2694382735639473,0.25449556282111285,0.0
0.24052329066610248,0.27539701074264444,0.0
0.24595366550301478,0.34429005137786284,0.0
0.21883705349271645,0.2993928070994852,0.0
0.1953171832575175,0.23049976646427214,0.0
0.21700342043090354,0.32035263895375976,0.0
0.17542931697168437,0.2933792620270906,0.0
0.22786417010472815,0.40716954694068125,0.0
0.2676399026763976,0.28141055581503904,0.0
0.30202052258542117,0.24246847267631835,0.0
0.27127190662576023,0.25449556282111285,0.0
0.2730702775133099,0.3293437645959828,0.0
0.2694382735639473,0.29040168145726214,0.0
0.2640431609013014,0.27843297524521593,0.0
0.2640431609013014,0.2933792620270906,0.0
0.2604111569519356,0.2933792620270906,0.0
0.24232166155364895,0.26944184960299283,0.0
0.3327338763708157,0.36822746380196053,0.0
0.28936140202404687,0.34429005137786284,0.0
0.2640431609013014,0.3472676319476913,0.0
0.2748686484008596,0.3023703876693136,0.0
0.3110476391974329,0.32035263895375976,0.0
0.2586127860643891,0.23949089210649518,0.0
0.2549807821150233,0.29040168145726214,0.0
0.30561726436052056,0.4101471275105097,0.0
0.3345675094326318,0.4490892106492304,0.0
0.30381889347297086,0.44611163007940197,0.0
0.3291371345957195,0.5029775805698311,0.0
0.30741563524806703,0.43408453993461277,0.0
0.2748686484008596,0.28141055581503904,0.0
0.29295814379914625,0.33529892573563974,0.0
0.30381889347297086,0.3652498832321374,0.0
0.24595366550301478,0.29040168145726214,0.0
0.29475651468669595,0.3472676319476913,0.0
0.2640431609013014,0.3113615133115367,0.0
0.2748686484008596,0.35030359645025744,0.0
0.33636588032017833,0.3562587575899143,0.0
0.32550513064635367,0.31433909388136516,0.0
0.34539299693219,0.3323213451658113,0.0
0.3146796431467955,0.28141055581503904,0.0
0.330935505483266,0.31433909388136516,0.0
0.28936140202404687,0.27843297524521593,0.0
0.4629570859339183,0.3592363381597375,0.0
0.33636588032017833,0.31433909388136516,0.0
0.27670228146267256,0.3023703876693136,0.0
0.2604111569519356,0.27539701074264444,0.0
0.2441552946154651,0.3323213451658113,0.0
0.22243379526781584,0.272419430172816,0.0
0.24955040727811098,0.3113615133115367,0.0
0.30381889347297086,0.3562587575899143,0.0
0.2640431609013014,0.24848201774871825,0.0
0.3237067597588072,0.3053479682391421,0.0
0.28936140202404687,0.26045072396076446,0.0
0.30561726436052056,0.27843297524521593,0.0
0.3146796431467955,0.35030359645025744,0.0
0.330935505483266,0.4041919663708581,0.0
0.2748686484008596,0.3263078000934167,0.0
0.2549807821150233,0.2664642690331644,0.0
0.3164780140343452,0.3472676319476913,0.0
0.2748686484008596,0.2065623540401691,0.0
0.3001868895236083,0.24246847267631835,0.0
0.29115977291159656,0.2125758991125637,0.0
0.30561726436052056,0.22752218589444367,0.0
0.3237067597588072,0.27843297524521593,0.0
0.3182763849218917,0.2664642690331644,0.0
0.34539299693219,0.3173166744511936,0.0
0.27670228146267256,0.3053479682391421,0.0
0.2640431609013014,0.296356842596919,0.0
0.30202052258542117,0.34429005137786284,0.0
0.29295814379914625,0.23949089210649518,0.0
0.2748686484008596,0.23049976646427214,0.0
0.30561726436052056,0.26045072396076446,0.0
0.3345675094326318,0.2993928070994852,0.0
0.3001868895236083,0.3113615133115367,0.0
0.36168412144292694,0.3472676319476913,0.0
0.35988575055537725,0.3323213451658113,0.0
0.3182763849218917,0.34429005137786284,0.0
0.3327338763708157,0.3472676319476913,0.0
0.36891286716738897,0.43408453993461277,0.0
0.35988575055537725,0.5089327417094828,0.0
0.34722662999400294,0.28742410088743897,0.0
0.35988575055537725,0.3532811770200859,0.0
0.32730350153390336,0.26342830453059296,0.0
0.3671144962798393,0.33529892573563974,0.0
0.3399626220952777,0.3263078000934167,0.0
0.28936140202404687,0.28438813638486754,0.0
0.34902500088155264,0.4520667912190589,0.0
0.35082337176910233,0.3323213451658113,0.0
0.35805211749356436,0.34429005137786284,0.0
0.3291371345957195,0.3233302195235882,0.0
0.37793998377939747,0.35030359645025744,0.0
0.35625374660601467,0.3891872956562351,0.0
0.3725448711167516,0.34429005137786284,0.0
0.32730350153390336,0.3233302195235882,0.0
0.3725448711167516,0.3293437645959828,0.0
0.3996614831270499,0.39520084072863504,0.0
0.4032582249021461,0.3832321345165835,0.0
0.33816425120772803,0.3981784212984582,0.0
0.37793998377939747,0.42812937879495583,0.0
0.35082337176910233,0.3891872956562351,0.0
0.3435946260446403,0.40115600186828665,0.0
0.32550513064635367,0.4161606725829043,0.0
0.32550513064635367,0.4131247080803382,0.0
0.35625374660601467,0.34131247080803434,0.0
0.2983885186360586,0.24848201774871825,0.0
0.376141612891851,0.33529892573563974,0.0
0.34539299693219,0.34429005137786284,0.0
0.35082337176910233,0.33827650630546824,0.0
0.34902500088155264,0.3652498832321374,0.0
0.31284601008497936,0.3323213451658113,0.0
0.2676399026763976,0.33529892573563974,0.0
0.2875277689622339,0.33529892573563974,0.0
0.35445537571846497,0.42812937879495583,0.0
0.352621742656652,0.4251517982251274,0.0
0.3291371345957195,0.3891872956562351,0.0
0.3960294791776841,0.33529892573563974,1.0
0.3888007334532221,0.34429005137786284,1.0
0.4213477203004327,0.4101471275105097,1.0
0.7757678338446344,0.6047991592713703,1.0
0.7920589583553714,0.5748482017748726,1.0
0.8535561902746901,0.6257006071929019,1.0
0.7359921012729618,0.3592363381597375,0.0
0.6980147395888421,0.3173166744511936,0.0
0.4756162064952926,0.20358477347034062,0.0
0.48101131915793854,0.23949089210649518,0.0
0.35988575055537725,0.17661139654367145,0.0
0.3182763849218917,0.23949089210649518,0.0
0.28209739412532164,0.23949089210649518,0.0
0.330935505483266,0.16762027090144838,0.0
0.2676399026763976,0.15267398411957106,0.0
0.2549807821150233,0.1466604390471738,0.0
0.17902605874678057,0.17363381597384564,0.0
0.3435946260446403,0.31433909388136516,0.0
0.22606579921717845,0.34131247080803434,0.0
0.32730350153390336,0.43408453993461277,0.0
0.30741563524806703,0.4430756655768358,0.0
0.07958672731760534,0.33529892573563974,0.0
0.16097182552276038,0.2514595983185414,0.0
0.15011107584893574,0.2125758991125637,0.0
0.15370781762403513,0.29040168145726214,0.0
0.07778835643005565,0.23651331153666674,0.0
0.04883811135794438,0.20358477347034062,0.0
0.06512923586868131,0.22752218589444367,0.0
0.10850171021545016,0.24246847267631835,0.0
0.1320215804506491,0.24550443717888978,0.0
0.09767622271589196,0.2185310602522206,0.0
0.15913819246094746,0.3113615133115367,0.0
0.1808596918085967,0.34429005137786284,0.0
0.193518812369971,0.31433909388136516,0.0
0.24595366550301478,0.28141055581503904,0.0
0.23872491977855279,0.3293437645959828,0.0
0.24595366550301478,0.24246847267631835,0.0
0.22423216615536554,0.2514595983185414,0.0
0.24232166155364895,0.26944184960299283,0.0
0.2314961740540908,0.27539701074264444,0.0
0.24052329066610248,0.26944184960299283,0.0
0.2622095278394853,0.3293437645959828,0.0
0.24595366550301478,0.34429005137786284,0.0
0.29115977291159656,0.3832321345165835,0.0
0.21883705349271645,0.36822746380196053,0.0
0.2314961740540908,0.3532811770200859,0.0
0.2676399026763976,0.34131247080803434,0.0
0.31284601008497936,0.26045072396076446,0.0
0.2983885186360586,0.26342830453059296,0.0
0.30741563524806703,0.272419430172816,0.0
0.29475651468669595,0.24848201774871825,0.0
0.30381889347297086,0.2574731433909413,0.0
0.29475651468669595,0.272419430172816,0.0
0.2965901477485089,0.386209715086412,0.0
0.3110476391974329,0.386209715086412,0.0
0.3291371345957195,0.3832321345165835,0.0
0.3219083888712575,0.35030359645025744,0.0
0.2640431609013014,0.272419430172816,0.0
0.28936140202404687,0.2514595983185414,0.0
0.2604111569519356,0.2245446053246152,0.0
0.2622095278394853,0.22752218589444367,0.0
0.29295814379914625,0.2574731433909413,0.0
0.330935505483266,0.3323213451658113,0.0
0.3399626220952777,0.3652498832321374,0.0
0.29475651468669595,0.42211583372256123,0.0
0.3345675094326318,0.45504437178888735,0.0
0.29475651468669595,0.32035263895375976,0.0
0.3671144962798393,0.34131247080803434,0.0
0.7432208469974239,0.5419196637085465,0.0
0.8589513029373392,0.6227230266230734,0.0
0.35625374660601467,0.4311069593647843,1.0
0.34539299693219,0.4101471275105097,1.0
