,0 - 0.06,0.06 - 0.12,0.12 - 0.18,0.18 - 0.24,0.24 - 0.3
Class: 0,0.13,0.54,1.48,3.42,50.7
Class: 1,0.0,0.0,0.74,2.41,40.58
,0 - 0.09,0.09 - 0.18,0.18 - 0.27,0.27 - 0.36,0.36 - 0.45
Class: 0,0.74,0.94,1.88,10.33,42.39
Class: 1,0.0,0.07,1.21,5.9,36.55
,0 - 0.06,0.06 - 0.12,0.12 - 0.18,0.18 - 0.24,0.24 - 0.3
Class: 0,0.8,0.6,1.21,5.23,48.42
Class: 1,0.07,0.0,0.27,2.41,40.98
,0 - 0.09,0.09 - 0.18,0.18 - 0.27,0.27 - 0.36,0.36 - 0.45
Class: 0,0.54,0.6,1.68,11.07,42.39
Class: 1,0.0,0.07,0.6,8.12,34.94
,0 - 0.09,0.09 - 0.18,0.18 - 0.27,0.27 - 0.36,0.36 - 0.45
Class: 0,0.67,0.94,4.49,19.58,30.58
Class: 1,0.07,0.27,0.67,12.54,30.18
