0.0,0.016,1.0
0.0517051705170517,0.007000000000000001,1.0
0.013751375137513752,0.003,1.0
0.034653465346534656,0.0155,1.0
0.034653465346534656,0.0155,1.0
0.0,0.0,1.0
0.0352035203520352,0.048,1.0
0.0,0.0,1.0
0.041804180418041806,0.0,1.0
0.0,0.0,1.0
0.10561056105610561,0.0,1.0
0.0,0.0,1.0
0.0,0.017,1.0
0.04950495049504951,0.0,1.0
0.03905390539053905,0.26749999999999996,1.0
0.06985698569856987,0.0635,1.0
0.0,0.0,1.0
0.0,0.0,1.0
0.0,0.0,1.0
0.0,0.0315,1.0
0.0,0.0,1.0
0.0,0.0,1.0
0.0,0.147,1.0
0.0,0.057999999999999996,1.0
0.0,0.0,1.0
0.0,0.0,1.0
0.0,0.0,1.0
0.0,0.0,1.0
0.0,0.1665,1.0
0.0,0.0325,1.0
0.0,0.0,1.0
0.0,0.1515,1.0
0.0,0.013500000000000002,1.0
0.0,0.0,1.0
0.03740374037403741,0.0,1.0
0.0,0.0,1.0
0.0,0.147,1.0
0.0,0.024,1.0
0.0,0.024,1.0
0.0,0.020499999999999997,1.0
0.0,0.0,1.0
0.0,0.147,1.0
0.0,0.147,1.0
0.0,0.0,1.0
0.014301430143014302,0.013000000000000001,1.0
0.041254125412541254,0.0,1.0
0.006600660066006601,0.0,1.0
0.054455445544554455,0.2485,1.0
0.0407040704070407,0.0125,1.0
0.06160616061606161,0.013000000000000001,1.0
0.0,0.0,1.0
0.019801980198019802,0.05450000000000001,1.0
0.0,0.0,1.0
0.0,0.0,1.0
0.019801980198019802,0.05500000000000001,1.0
0.0,0.054000000000000006,1.0
0.0,0.0,1.0
0.0,0.0,1.0
0.0,0.0225,1.0
0.0,0.020999999999999998,1.0
0.032453245324532455,0.0,1.0
0.0,0.0115,1.0
0.0,0.06949999999999999,1.0
0.018701870187018705,0.017,1.0
0.0,0.0,1.0
0.036303630363036306,0.099,1.0
0.05335533553355336,0.024,1.0
0.08085808580858085,0.0,1.0
0.05060506050605061,0.1075,1.0
0.0,0.0,1.0
0.06930693069306931,0.0,1.0
0.0,0.026500000000000003,1.0
0.0,0.022,1.0
0.0,0.046,1.0
0.0,0.024,1.0
0.0517051705170517,0.14150000000000001,1.0
0.0,0.0,1.0
0.017051705170517052,0.0185,1.0
0.05720572057205721,0.041499999999999995,1.0
0.0,0.0,1.0
0.0,0.0,1.0
0.052255225522552254,0.0115,1.0
0.0,0.14550000000000002,1.0
0.0,0.064,1.0
0.0,0.0,1.0
0.05115511551155116,0.093,1.0
0.0,0.019,1.0
0.0,0.0395,1.0
0.0033003300330033004,0.01,1.0
0.0,0.0,1.0
0.0,0.028000000000000004,1.0
0.041804180418041806,0.013000000000000001,1.0
0.03685368536853686,0.011,1.0
0.03685368536853686,0.011,1.0
0.0,0.0,1.0
0.0,0.0,1.0
0.0,0.052500000000000005,1.0
0.0,0.0215,1.0
0.06655665566556655,0.03,1.0
0.0,0.020499999999999997,1.0
0.0,0.14150000000000001,1.0
0.0,0.032,1.0
0.0,0.0,1.0
0.0,0.032,1.0
0.0,0.0,1.0
0.0,0.032,1.0
0.0,0.0,1.0
0.0,0.0395,1.0
0.0,0.0,1.0
0.1078107810781078,0.0,1.0
0.0,0.123,1.0
0.0,0.0,1.0
0.0,0.0,1.0
0.0,0.0,1.0
0.2145214521452145,0.0125,1.0
0.0,0.025500000000000002,1.0
0.0,0.0,1.0
0.0,0.0,1.0
0.0704070407040704,0.0,1.0
0.0,0.027500000000000004,1.0
0.0,0.0,1.0
0.0,0.0,1.0
0.035753575357535754,0.0115,1.0
0.026402640264026403,0.008,1.0
0.0,0.0,1.0
0.027502750275027504,0.0,1.0
0.0,0.0,1.0
0.0,0.0,1.0
0.022002200220022004,0.0,1.0
0.0,0.020499999999999997,1.0
0.0627062706270627,0.019,1.0
0.0,0.02,1.0
0.030803080308030806,0.028000000000000004,1.0
0.0,0.0,1.0
0.0,0.0,1.0
0.0,0.049,1.0
0.0,0.049,1.0
0.0,0.033,1.0
0.0,0.149,1.0
0.0,0.040999999999999995,1.0
0.0,0.033,1.0
0.0,0.0,1.0
0.035753575357535754,0.0115,1.0
0.0,0.0,1.0
0.0,0.1385,1.0
0.0,0.0,1.0
0.0,0.033,1.0
0.023652365236523653,0.007000000000000001,1.0
0.0,0.0,1.0
0.04455445544554456,0.0405,1.0
0.0,0.0,1.0
0.0,0.028000000000000004,1.0
0.0,0.0,1.0
0.034103410341034104,0.031,1.0
0.018151815181518153,0.0165,1.0
0.0,0.238,1.0
0.07205720572057206,0.0,1.0
0.0,0.0225,1.0
0.0231023102310231,0.0,1.0
0.04565456545654565,0.0,1.0
0.035753575357535754,0.0215,1.0
0.0,0.0,1.0
0.0,0.0435,1.0
0.018701870187018705,0.034,1.0
0.0,0.0,1.0
0.0,0.0,1.0
0.0,0.0,1.0
0.0,0.017499999999999998,1.0
0.024752475247524754,0.0075,1.0
0.03135313531353135,0.0,1.0
0.0,0.0395,1.0
0.0044004400440044,0.0,1.0
0.027502750275027504,0.025,1.0
0.029702970297029705,0.027000000000000003,1.0
0.0429042904290429,0.0,1.0
0.0,0.0,1.0
0.0,0.0,1.0
0.0242024202420242,0.022,1.0
0.0,0.0165,1.0
0.0,0.0,1.0
0.08030803080308031,0.004,1.0
0.08085808580858085,0.004,1.0
0.023652365236523653,0.0,1.0
0.0242024202420242,0.022,1.0
0.019801980198019802,0.0,1.0
0.0,0.0,1.0
0.0,0.0025,1.0
0.0,0.156,1.0
0.08745874587458746,0.0795,1.0
0.0,0.023,1.0
0.0,0.1125,1.0
0.0,0.0,1.0
0.04400440044004401,0.0805,1.0
0.023652365236523653,0.007000000000000001,1.0
0.0044004400440044,0.0,1.0
0.04455445544554456,0.0,1.0
0.0,0.027000000000000003,1.0
0.0044004400440044,0.0,1.0
0.0,0.026500000000000003,1.0
0.028052805280528052,0.1035,1.0
0.0,0.027000000000000003,1.0
0.04235423542354236,0.019,1.0
0.0429042904290429,0.0195,1.0
0.0,0.0,1.0
0.0121012101210121,0.0,1.0
0.030803080308030806,0.028000000000000004,1.0
0.030253025302530257,0.027500000000000004,1.0
0.0,0.0,1.0
0.0,0.0,1.0
0.15841584158415842,0.022,1.0
0.08965896589658966,0.004,1.0
0.0,0.10400000000000001,1.0
0.0,0.0,1.0
0.0,0.027000000000000003,1.0
0.0,0.0,1.0
0.0,0.045,1.0
0.0,0.0025,1.0
0.0,0.0025,1.0
0.04400440044004401,0.031,1.0
0.0,0.048,1.0
0.0,0.0,1.0
0.03740374037403741,0.034,1.0
0.019801980198019802,0.036,1.0
0.014301430143014302,0.0785,1.0
0.0,0.016,1.0
0.0,0.016,1.0
0.0,0.0295,1.0
0.012651265126512653,0.0,1.0
0.0,0.0355,1.0
0.08195819581958196,0.0745,1.0
0.0,0.025,1.0
0.030253025302530257,0.027500000000000004,1.0
0.02695269526952695,0.008,1.0
0.019801980198019802,0.0,1.0
0.0462046204620462,0.508,1.0
0.0,0.0,1.0
0.0,0.0,1.0
0.0044004400440044,0.0,1.0
0.029702970297029705,0.0,1.0
0.0,0.042499999999999996,1.0
0.0,0.052500000000000005,1.0
0.024752475247524754,0.011,1.0
0.030253025302530257,0.0,1.0
0.0,0.0,1.0
0.0,0.016,1.0
0.03905390539053905,0.0,1.0
0.030253025302530257,0.0,1.0
0.0,0.1075,1.0
0.0,0.0475,1.0
0.00825082508250825,0.05550000000000001,1.0
0.0,0.0,1.0
0.0,0.0,1.0
0.0044004400440044,0.024,1.0
0.05335533553355336,0.05550000000000001,1.0
0.05335533553355336,0.05550000000000001,1.0
0.0,0.2,1.0
0.03905390539053905,0.0,1.0
0.0,0.04,1.0
0.0,0.0165,1.0
0.02035203520352035,0.0,1.0
0.0,0.0165,1.0
0.00825082508250825,0.05550000000000001,1.0
0.0,0.0155,1.0
0.028052805280528052,0.0085,1.0
0.0,0.0395,1.0
0.01595159515951595,0.007000000000000001,1.0
0.0,0.0,1.0
0.0,0.0125,1.0
0.0,0.028999999999999998,1.0
0.01595159515951595,0.007000000000000001,1.0
0.01595159515951595,0.007000000000000001,1.0
0.0,0.028999999999999998,1.0
0.041254125412541254,0.0,1.0
0.0,0.0,1.0
0.03135313531353135,0.0,1.0
0.009350935093509352,0.0,1.0
0.0,0.0475,1.0
0.03135313531353135,0.0,1.0
0.028052805280528052,0.0085,1.0
0.03135313531353135,0.0,1.0
0.0,0.08149999999999999,1.0
0.0,0.0435,1.0
0.03135313531353135,0.0095,1.0
0.011001100110011002,0.02,1.0
0.0,0.0,1.0
0.0,0.046,1.0
0.0,0.026000000000000002,1.0
0.0,0.020999999999999998,1.0
0.006600660066006601,0.0,1.0
0.017051705170517052,0.005,1.0
0.0,0.27,1.0
0.029152915291529156,0.0,1.0
0.0044004400440044,0.025500000000000002,1.0
0.025302530253025306,0.0,1.0
0.010451045104510451,0.0,1.0
0.0,0.052500000000000005,1.0
0.0,0.016,1.0
0.0,0.027000000000000003,1.0
0.0,0.08149999999999999,1.0
0.041254125412541254,0.0,1.0
0.0,0.034999999999999996,1.0
0.09460946094609461,0.0,1.0
0.041254125412541254,0.0,1.0
0.0,0.032,1.0
0.0,0.016,1.0
0.0,0.032,1.0
0.07260726072607261,0.009,1.0
0.0,0.0,1.0
0.0,0.0,1.0
0.0,0.0215,1.0
0.0,0.0215,1.0
0.0,0.017,1.0
0.0088008800880088,0.08199999999999999,1.0
0.006600660066006601,0.0,1.0
0.0,0.023,1.0
0.0,0.0,1.0
0.05005500550055006,0.0,1.0
0.0,0.0,1.0
0.041254125412541254,0.0,1.0
0.041254125412541254,0.0,1.0
0.0,0.016,1.0
0.03685368536853686,0.0,1.0
0.0,0.0155,1.0
0.0,0.0,1.0
0.03685368536853686,0.0,1.0
0.0,0.0,1.0
0.009350935093509352,0.087,1.0
0.0,0.0,1.0
0.0,0.052500000000000005,1.0
0.0088008800880088,0.1065,1.0
0.0,0.0,1.0
0.0,0.0,1.0
0.0,0.064,1.0
0.0,0.0,1.0
0.0,0.0,1.0
0.0,0.018,1.0
0.0,0.0645,1.0
0.023652365236523653,0.0215,1.0
0.0,0.064,1.0
0.0,0.0,1.0
0.0,0.016,1.0
0.0,0.0,1.0
0.0,0.064,1.0
0.0,0.0315,1.0
0.0,0.065,1.0
0.020902090209020903,0.0,1.0
0.023652365236523653,0.0215,1.0
0.0,0.004,1.0
0.0,0.0645,1.0
0.023652365236523653,0.0215,1.0
0.0,0.018,1.0
0.0,0.0,1.0
0.0,0.064,1.0
0.0,0.016,1.0
0.006600660066006601,0.0,1.0
0.0,0.0,1.0
0.05005500550055006,0.0,1.0
0.0,0.2325,1.0
0.0,0.3125,1.0
0.01925192519251925,0.0025,1.0
0.0,0.0,1.0
0.0,0.024,1.0
0.012651265126512653,0.0115,1.0
0.0,0.016,1.0
0.0,0.0,1.0
0.012651265126512653,0.0115,1.0
0.0,0.0,1.0
0.0,0.038,1.0
0.0,0.016,1.0
0.0,0.0,1.0
0.01925192519251925,0.0025,1.0
0.03685368536853686,0.0,1.0
0.0,0.01,1.0
0.0,0.0305,1.0
0.0407040704070407,0.037,1.0
0.0,0.0,1.0
0.036303630363036306,0.0115,1.0
0.01925192519251925,0.034999999999999996,1.0
0.0,0.12150000000000001,1.0
0.0,0.0,1.0
0.07260726072607261,0.03,1.0
0.0,0.0,1.0
0.0044004400440044,0.0125,1.0
0.0,0.023,1.0
0.0077007700770077014,0.043,1.0
0.0033003300330033004,0.0,1.0
0.0033003300330033004,0.0,1.0
0.017051705170517052,0.019,1.0
0.009350935093509352,0.026500000000000003,1.0
0.0,0.004,1.0
0.052805280528052806,0.0,1.0
0.0,0.0,1.0
0.0,0.0,1.0
0.0,0.0,1.0
0.017051705170517052,0.019,1.0
0.0,0.0,1.0
0.0,0.08249999999999999,1.0
0.0,0.0,1.0
0.09570957095709572,0.0,1.0
0.017051705170517052,0.0155,1.0
0.0,0.0,1.0
0.01925192519251925,0.034999999999999996,1.0
0.0,0.027500000000000004,1.0
0.0,0.0,1.0
0.0,0.0,1.0
0.009350935093509352,0.026500000000000003,1.0
0.0,0.087,1.0
0.005500550055005501,0.0185,1.0
0.0,0.0,1.0
0.0,0.0125,1.0
0.0044004400440044,0.0125,1.0
0.019801980198019802,0.006,1.0
0.0,0.0215,1.0
0.01595159515951595,0.0,1.0
0.0,0.0,1.0
0.0,0.031,1.0
0.027502750275027504,0.0,1.0
0.0,0.0,1.0
0.0,0.0,1.0
0.034103410341034104,0.010499999999999999,1.0
0.03740374037403741,0.034,1.0
0.00605060506050605,0.027500000000000004,1.0
0.0,0.0245,1.0
0.0,0.047,1.0
0.041254125412541254,0.008,1.0
0.00605060506050605,0.027500000000000004,1.0
0.0,0.078,1.0
0.0,0.1665,1.0
0.0,0.10800000000000001,1.0
0.0,0.068,1.0
0.05555555555555556,0.0,1.0
0.0,0.072,1.0
0.05555555555555556,0.0,1.0
0.0,0.017499999999999998,1.0
0.0,0.0,1.0
0.07260726072607261,0.03,1.0
0.0,0.0,1.0
0.0,0.006,1.0
0.0,0.0,1.0
0.0,0.0,1.0
0.0,0.0,1.0
0.0,0.0,1.0
0.11496149614961496,0.0045,1.0
0.0,0.0,1.0
0.0,0.0,1.0
0.0,0.0155,1.0
0.0,0.013000000000000001,1.0
0.00605060506050605,0.028000000000000004,1.0
0.0,0.012,1.0
0.0,0.012,1.0
0.017051705170517052,0.047,1.0
0.0,0.0,1.0
0.0,0.0,1.0
0.0,0.3225,1.0
0.0,0.067,1.0
0.009350935093509352,0.017499999999999998,1.0
0.09460946094609461,0.086,1.0
0.0,0.0,1.0
0.0,0.0,1.0
0.0,0.0,1.0
0.05500550055005501,0.0,1.0
0.0,0.0,1.0
0.0,0.0625,1.0
0.0,0.0,1.0
0.0,0.0,1.0
0.028602860286028604,0.0,1.0
0.052255225522552254,0.0,1.0
0.014851485148514853,0.0,1.0
0.0,0.0,1.0
0.0,0.0,1.0
0.0,0.0,1.0
0.0,0.0,1.0
0.07095709570957096,0.1295,1.0
0.0,0.0,1.0
0.0,0.016,1.0
0.0,0.0,1.0
0.0,0.0,1.0
0.0,0.0,1.0
0.0,0.0,1.0
0.0,0.0,1.0
0.03355335533553355,0.0305,1.0
0.0,0.0,1.0
0.0,0.0,1.0
0.02695269526952695,0.056999999999999995,1.0
0.01595159515951595,0.0435,1.0
0.0,0.0,1.0
0.011001100110011002,0.0455,1.0
0.1628162816281628,0.0,1.0
0.0044004400440044,0.0125,1.0
0.028052805280528052,0.0,1.0
0.0,0.0,1.0
0.011001100110011002,0.097,1.0
0.011001100110011002,0.0455,1.0
0.0,0.0,1.0
0.034103410341034104,0.005,1.0
0.0,0.0,1.0
0.0,0.0,1.0
0.017051705170517052,0.125,1.0
0.02585258525852585,0.0025,1.0
0.034103410341034104,0.010499999999999999,1.0
0.0,0.0,1.0
0.0,0.0,1.0
0.0,0.0,1.0
0.0044004400440044,0.0125,1.0
0.010451045104510451,0.038,1.0
0.05885588558855886,0.0,1.0
0.0,0.0,1.0
0.0627062706270627,0.02,1.0
0.0429042904290429,0.177,1.0
0.0,0.0,1.0
0.0176017601760176,0.0,1.0
0.023652365236523653,0.0,1.0
0.0,0.0,1.0
0.0968096809680968,0.0,1.0
0.009350935093509352,0.0085,1.0
0.0,0.0,1.0
0.025302530253025306,0.0295,1.0
0.0,0.0,1.0
0.0,0.052500000000000005,1.0
0.0,0.0,1.0
0.0,0.0,1.0
0.0,0.0,1.0
0.0,0.0075,1.0
0.00605060506050605,0.1065,1.0
0.0,0.0,1.0
0.0,0.0,1.0
0.01595159515951595,0.0,1.0
0.0,0.0,1.0
0.01595159515951595,0.0,1.0
0.04235423542354236,0.013500000000000002,1.0
0.0,0.0,1.0
0.0,0.0,1.0
0.0,0.0,1.0
0.0,0.0,1.0
0.010451045104510451,0.0095,1.0
0.0,0.0,1.0
0.0,0.0,1.0
0.01155115511551155,0.0,1.0
0.0,0.0,1.0
0.0,0.10200000000000001,1.0
0.030803080308030806,0.0705,1.0
0.0,0.046,1.0
0.0,0.007000000000000001,1.0
0.0,0.0,1.0
0.0,0.0,1.0
0.0,0.0,1.0
0.0,0.0,1.0
0.08085808580858085,0.0,1.0
0.0,0.0,1.0
0.018151815181518153,0.0,1.0
0.0,0.0,1.0
0.011001100110011002,0.020499999999999997,1.0
0.09955995599559957,0.0,1.0
0.0,0.0,1.0
0.03355335533553355,0.010499999999999999,1.0
0.015401540154015403,0.0,1.0
0.0044004400440044,0.008,1.0
0.0,0.10200000000000001,1.0
0.013751375137513752,0.0385,1.0
0.0,0.039,1.0
0.0,0.033,1.0
0.0,0.0,1.0
0.0,0.016,1.0
0.0,0.091,1.0
0.0,0.125,1.0
0.0,0.125,1.0
0.0,0.0,1.0
0.0,0.0,1.0
0.02695269526952695,0.012,1.0
0.028602860286028604,0.0055,1.0
0.0,0.0,1.0
0.0,0.0,1.0
0.0,0.0,1.0
0.0,0.025,1.0
0.0,0.051500000000000004,1.0
0.02145214521452145,0.049,1.0
0.02145214521452145,0.049,1.0
0.02145214521452145,0.049,1.0
0.0,0.0,1.0
0.0,0.0,1.0
0.014851485148514853,0.0,1.0
0.0,0.0,1.0
0.0,0.0,1.0
0.014851485148514853,0.0,1.0
0.02145214521452145,0.049,1.0
0.0,0.0,1.0
0.019801980198019802,0.0905,1.0
0.0385038503850385,0.0115,1.0
0.0,0.0,1.0
0.08305830583058306,0.0,1.0
0.029702970297029705,0.1085,1.0
0.024752475247524754,0.011,1.0
0.0,0.034,1.0
0.0121012101210121,0.0,1.0
0.0,0.0,1.0
0.15016501650165018,0.0055,1.0
0.0,0.0,1.0
0.0,0.032,1.0
0.0,0.0,1.0
0.0,0.0,1.0
0.043454345434543455,0.010499999999999999,1.0
0.0,0.0,1.0
0.4152915291529153,0.0,1.0
0.03795379537953795,0.0,1.0
0.028052805280528052,0.0385,1.0
0.0,0.062,1.0
0.0,0.0,1.0
0.0924092409240924,0.041999999999999996,1.0
0.0,0.0715,1.0
0.0,0.0,1.0
0.08745874587458746,0.0,1.0
0.0,0.0,1.0
0.005500550055005501,0.005,1.0
0.08745874587458746,0.0,1.0
0.034103410341034104,0.0115,1.0
0.0,0.0225,1.0
0.00605060506050605,0.028000000000000004,1.0
0.0,0.0,1.0
0.0,0.0,1.0
0.0,0.0,1.0
0.0,0.0,1.0
0.02585258525852585,0.047,1.0
0.08085808580858085,0.0,1.0
0.0319031903190319,0.0,1.0
0.045104510451045104,0.0,1.0
0.0049504950495049506,0.0045,1.0
0.0,0.0,1.0
0.0,0.0,1.0
0.0,0.018,1.0
0.1034103410341034,0.078,1.0
0.04455445544554456,0.005,1.0
0.0,0.0,1.0
0.04400440044004401,0.012,1.0
0.08195819581958196,0.0,1.0
0.029152915291529156,0.0085,1.0
0.0,0.016,1.0
0.015401540154015403,0.0,1.0
0.0,0.016,1.0
0.012651265126512653,0.028999999999999998,1.0
0.0,0.0,1.0
0.0,0.0,1.0
0.0,0.020999999999999998,1.0
0.08085808580858085,0.0,1.0
0.03135313531353135,0.0,1.0
0.0,0.0,1.0
0.0,0.0,1.0
0.08085808580858085,0.0,1.0
0.0,0.32599999999999996,1.0
0.02145214521452145,0.006500000000000001,1.0
0.0,0.14550000000000002,1.0
0.047304730473047306,0.0,1.0
0.0,0.0,1.0
0.0,0.016,1.0
0.0,0.0,1.0
0.0,0.033,1.0
0.1034103410341034,0.0,1.0
0.0,0.018,1.0
0.0,0.0165,1.0
0.024752475247524754,0.0075,1.0
0.0,0.0,1.0
0.0,0.0,1.0
0.0,0.0,1.0
0.0231023102310231,0.007000000000000001,1.0
0.04455445544554456,0.010499999999999999,1.0
0.0,0.0,1.0
0.0165016501650165,0.0,1.0
0.0,0.014000000000000002,1.0
0.0,0.017499999999999998,1.0
0.0,0.012,1.0
0.014301430143014302,0.013000000000000001,1.0
0.0,0.1295,1.0
0.020902090209020903,0.0,1.0
0.056105610561056105,0.0,1.0
0.04400440044004401,0.04,1.0
0.0,0.0,1.0
0.0,0.0,1.0
0.0,0.0,1.0
0.0,0.020999999999999998,1.0
0.04400440044004401,0.005,1.0
0.0,0.0,1.0
0.0231023102310231,0.016,1.0
0.0,0.0,1.0
0.03355335533553355,0.0,1.0
0.0,0.0385,1.0
0.0044004400440044,0.0,1.0
0.012651265126512653,0.0235,1.0
0.04400440044004401,0.012,1.0
0.022002200220022004,0.027000000000000003,1.0
0.0,0.0,1.0
0.017051705170517052,0.0,1.0
0.027502750275027504,0.075,1.0
0.0,0.1115,1.0
0.0,0.1295,1.0
0.0,0.0,1.0
0.0,0.0,1.0
0.005500550055005501,0.005,1.0
0.0088008800880088,0.040999999999999995,1.0
0.066006600660066,0.0,1.0
0.005500550055005501,0.005,1.0
0.0231023102310231,0.0,1.0
0.045104510451045104,0.005,1.0
0.0,0.0,1.0
0.0,0.0355,1.0
0.09845984598459846,0.0245,1.0
0.04400440044004401,0.005,1.0
0.0,0.0,1.0
0.0231023102310231,0.0,1.0
0.01925192519251925,0.0055,1.0
0.0,0.0185,1.0
0.013201320132013201,0.0245,1.0
0.022002200220022004,0.027000000000000003,1.0
0.0,0.0235,1.0
0.034653465346534656,0.0,1.0
0.0,0.0235,1.0
0.09845984598459846,0.0245,1.0
0.0,0.0235,1.0
0.0,0.0,1.0
0.0,0.08249999999999999,1.0
0.0,0.019,1.0
0.07260726072607261,0.0,1.0
0.07205720572057206,0.0,1.0
0.011001100110011002,0.01,1.0
0.005500550055005501,0.005,1.0
0.036303630363036306,0.040999999999999995,1.0
0.036303630363036306,0.040999999999999995,1.0
0.0,0.0,1.0
0.0,0.016,1.0
0.0,0.0195,1.0
0.0,0.0,1.0
0.019801980198019802,0.018,1.0
0.0,0.0,1.0
0.0027502750275027505,0.0,1.0
0.0,0.0325,1.0
0.027502750275027504,0.007000000000000001,1.0
0.06820682068206821,0.0,1.0
0.0,0.0,1.0
0.0,0.0725,1.0
0.0,0.0,1.0
0.07425742574257427,0.0675,1.0
0.014301430143014302,0.0,1.0
0.0,0.067,1.0
0.018701870187018705,0.034,1.0
0.05775577557755776,0.026000000000000002,1.0
0.023652365236523653,0.0,1.0
0.014851485148514853,0.0,1.0
0.026402640264026403,0.08399999999999999,1.0
0.014851485148514853,0.0045,1.0
0.0,0.0,1.0
0.018701870187018705,0.034,1.0
0.028052805280528052,0.017,1.0
0.015401540154015403,0.086,1.0
0.0,0.0,1.0
0.05555555555555556,0.0,1.0
0.0,0.049,1.0
0.0,0.0,1.0
0.0,0.0,1.0
0.0,0.0,1.0
0.0,0.018,1.0
0.06215621562156215,0.0,1.0
0.06160616061606161,0.0,1.0
0.0,0.0,1.0
0.0,0.019,1.0
0.05115511551155116,0.0,1.0
0.030803080308030806,0.0,1.0
0.0517051705170517,0.0,1.0
0.034103410341034104,0.017499999999999998,1.0
0.02585258525852585,0.047,1.0
0.0,0.0445,1.0
0.009900990099009901,0.0,1.0
0.0027502750275027505,0.0,1.0
0.0,0.057999999999999996,1.0
0.07260726072607261,0.0,1.0
0.0,0.0245,1.0
0.0,0.026000000000000002,1.0
0.0,0.0,1.0
0.0462046204620462,0.08399999999999999,1.0
0.0484048404840484,0.044,1.0
0.0,0.0,1.0
0.010451045104510451,0.0045,1.0
0.0,0.0,1.0
0.0027502750275027505,0.0,1.0
0.0,0.0,1.0
0.0,0.0,1.0
0.0121012101210121,0.0,1.0
0.0,0.0,1.0
0.0,0.0,1.0
0.01155115511551155,0.0,1.0
0.0,0.0,1.0
0.0,0.0,1.0
0.029702970297029705,0.1085,1.0
0.0176017601760176,0.0,1.0
0.02145214521452145,0.049,1.0
0.06875687568756876,0.0,1.0
0.018151815181518153,0.025,1.0
0.030803080308030806,0.0055,1.0
0.07975797579757976,0.0,1.0
0.0,0.0,1.0
0.045104510451045104,0.040999999999999995,1.0
0.0407040704070407,0.05550000000000001,1.0
0.0,0.0,1.0
0.041804180418041806,0.063,1.0
0.032453245324532455,0.0,1.0
0.0044004400440044,0.0125,1.0
0.0,0.0,1.0
0.030803080308030806,0.0705,1.0
0.08965896589658966,0.0,1.0
0.056105610561056105,0.0,1.0
0.0,0.0,1.0
0.0,0.0,1.0
0.10726072607260725,0.024,1.0
0.056105610561056105,0.0,1.0
0.0,0.0,1.0
0.0044004400440044,0.0125,1.0
0.0,0.0,1.0
0.0,0.0,1.0
0.0,0.0,1.0
0.05555555555555556,0.0125,1.0
0.05115511551155116,0.0,1.0
0.0,0.05,1.0
0.10451045104510451,0.0235,1.0
0.10231023102310231,0.023,1.0
0.0,0.0,1.0
0.0,0.11000000000000001,1.0
0.06930693069306931,0.0315,1.0
0.0,0.11100000000000002,1.0
0.1573157315731573,0.0055,1.0
0.0,0.0365,1.0
0.0,0.068,1.0
0.0429042904290429,0.013500000000000002,1.0
0.0088008800880088,0.0165,1.0
0.1309130913091309,0.0,1.0
0.0,0.0,1.0
0.0,0.0,1.0
0.0,0.0,1.0
0.0,0.0,1.0
0.005500550055005501,0.1,1.0
0.0,0.11100000000000002,1.0
0.034653465346534656,0.0,1.0
0.0,0.0455,1.0
0.034653465346534656,0.0,1.0
0.0,0.016,1.0
0.0,0.0,1.0
0.011001100110011002,0.0455,1.0
0.0049504950495049506,0.0,1.0
0.0,0.0,1.0
0.06490649064906491,0.0,1.0
0.0,0.0,1.0
0.028602860286028604,0.006500000000000001,1.0
0.0,0.0,1.0
0.20627062706270627,0.0,1.0
0.2079207920792079,0.0,1.0
0.028602860286028604,0.0,1.0
0.0,0.0,1.0
0.0,0.0,1.0
0.0,0.0475,1.0
0.0,0.10200000000000001,1.0
0.0,0.098,1.0
0.0429042904290429,0.1755,1.0
0.0,0.071,1.0
0.01595159515951595,0.0435,1.0
0.0,0.0,1.0
0.0,0.0,1.0
0.2255225522552255,0.059,1.0
0.0,0.0,1.0
0.0,0.0,1.0
0.0407040704070407,0.16699999999999998,1.0
0.0407040704070407,0.16699999999999998,1.0
0.0,0.0,1.0
0.0,0.0,1.0
0.0027502750275027505,0.0,1.0
0.05720572057205721,0.0,1.0
0.02035203520352035,0.0185,1.0
0.0121012101210121,0.0225,1.0
0.010451045104510451,0.0095,1.0
0.0,0.0,1.0
0.0,0.0,1.0
0.0,0.0,1.0
0.0,0.147,1.0
0.10176017601760176,0.023,1.0
0.1034103410341034,0.0235,1.0
0.0,0.0,1.0
0.033003300330033,0.0,1.0
0.0,0.0,1.0
0.0539053905390539,0.147,1.0
0.10506050605060506,0.0235,1.0
0.1034103410341034,0.0235,1.0
0.0,0.067,1.0
0.0,0.0665,1.0
0.056105610561056105,0.0,1.0
0.0,0.0,1.0
0.0,0.0,1.0
0.0,0.0665,1.0
0.0,0.018,1.0
0.0,0.0,1.0
0.0517051705170517,0.012,1.0
0.0,0.0155,1.0
0.030803080308030806,0.1985,1.0
0.0,0.007000000000000001,1.0
0.0,0.05500000000000001,1.0
0.0,0.0,1.0
0.0,0.0,1.0
0.0,0.0,1.0
0.0,0.020999999999999998,1.0
0.0,0.0,1.0
0.0517051705170517,0.002,1.0
0.05555555555555556,0.0,1.0
0.0,0.0,1.0
0.005500550055005501,0.026500000000000003,1.0
0.02035203520352035,0.0935,1.0
0.0,0.049,1.0
0.034103410341034104,0.010499999999999999,1.0
0.03355335533553355,0.0,1.0
0.0,0.0,1.0
0.0,0.0,1.0
0.0,0.027000000000000003,1.0
0.035753575357535754,0.0325,1.0
0.0,0.058499999999999996,1.0
0.0,0.016,1.0
0.0,0.0125,1.0
0.013201320132013201,0.0495,1.0
0.0,0.016,1.0
0.0,0.016,1.0
0.0,0.039,1.0
0.0,0.0,1.0
0.0,0.0785,1.0
0.02035203520352035,0.0375,1.0
0.026402640264026403,0.072,1.0
0.0,0.0,1.0
0.0,0.0785,1.0
0.04455445544554456,0.0405,1.0
0.036303630363036306,0.0115,1.0
0.0,0.0,1.0
0.0,0.0615,1.0
0.0,0.079,1.0
0.0,0.0,1.0
0.0176017601760176,0.0,1.0
0.0,0.0,1.0
0.0,0.0,1.0
0.0027502750275027505,0.0085,1.0
0.0027502750275027505,0.0085,1.0
0.0,0.043,1.0
0.0,0.043,1.0
0.020902090209020903,0.0,1.0
0.020902090209020903,0.0,1.0
0.020902090209020903,0.0,1.0
0.0,0.0,1.0
0.0,0.0,1.0
0.0,0.0,1.0
0.0,0.0,1.0
0.0,0.0,1.0
0.0,0.045,1.0
0.0,0.016,1.0
0.0044004400440044,0.0125,1.0
0.05005500550055006,0.1375,1.0
0.05665566556655666,0.10300000000000001,1.0
0.05720572057205721,0.10400000000000001,1.0
0.05665566556655666,0.10300000000000001,1.0
0.0,0.06999999999999999,1.0
0.06655665566556655,0.0605,1.0
0.0,0.0985,1.0
0.0,0.0,1.0
0.08195819581958196,0.037,1.0
0.0,0.0,1.0
0.01925192519251925,0.0025,1.0
0.0,0.0,1.0
0.0,0.0,1.0
0.029152915291529156,0.0,1.0
0.014851485148514853,0.013500000000000002,1.0
0.029152915291529156,0.0,1.0
0.03355335533553355,0.0,1.0
0.012651265126512653,0.0115,1.0
0.012651265126512653,0.0,1.0
0.012651265126512653,0.0115,1.0
0.0,0.028499999999999998,1.0
0.09900990099009901,0.045,1.0
0.08195819581958196,0.037,1.0
0.0176017601760176,0.0975,1.0
0.014851485148514853,0.054000000000000006,1.0
0.08250825082508251,0.0,1.0
0.0,0.032,1.0
0.0,0.027000000000000003,1.0
0.028602860286028604,0.0,1.0
0.041254125412541254,0.0,1.0
0.0,0.0,1.0
0.0,0.0,1.0
0.0,0.0,1.0
0.0,0.068,1.0
0.04235423542354236,0.0965,1.0
0.0,0.040999999999999995,1.0
0.0,0.0625,1.0
0.0,0.05450000000000001,1.0
0.005500550055005501,0.005,1.0
0.0,0.0,1.0
0.034103410341034104,0.031,1.0
0.022552255225522552,0.020499999999999997,1.0
0.0,0.12350000000000001,1.0
0.0,0.12350000000000001,1.0
0.0,0.12350000000000001,1.0
0.0,0.0645,1.0
0.09900990099009901,0.0225,1.0
0.09900990099009901,0.0225,1.0
0.10066006600660067,0.0225,1.0
0.06765676567656766,0.12350000000000001,1.0
0.02145214521452145,0.0,1.0
0.0,0.0,1.0
0.0,0.0,1.0
0.0,0.015,1.0
0.0,0.0,1.0
0.05940594059405941,0.018,1.0
0.08085808580858085,0.3675,1.0
0.08085808580858085,0.3675,1.0
0.0,0.0,1.0
0.0,0.0,1.0
0.06105610561056106,0.0185,1.0
0.02145214521452145,0.0,1.0
0.05940594059405941,0.018,1.0
0.0,0.0,1.0
0.0,0.0,1.0
0.027502750275027504,0.0,1.0
0.0,0.0,1.0
0.0027502750275027505,0.0085,1.0
0.06545654565456545,0.0595,1.0
0.0,0.022,1.0
0.0,0.0385,1.0
0.0,0.0,1.0
0.005500550055005501,0.005,1.0
0.0,0.04,1.0
0.0,0.08149999999999999,1.0
0.0,0.0,1.0
0.0,0.052000000000000005,1.0
0.0,0.016,1.0
0.0,0.016,1.0
0.0044004400440044,0.0125,1.0
0.0027502750275027505,0.0,1.0
0.0,0.0,1.0
0.0,0.022,1.0
0.0,0.22949999999999998,1.0
0.0,0.0,1.0
0.05940594059405941,0.0,1.0
0.0,0.0,1.0
0.0385038503850385,0.034999999999999996,1.0
0.03740374037403741,0.0,1.0
0.014851485148514853,0.0,1.0
0.0,0.0,1.0
0.0,0.0805,1.0
0.0,0.0485,1.0
0.030803080308030806,0.0,1.0
0.04455445544554456,0.005,1.0
0.0,0.04,1.0
0.0,0.0,1.0
0.0,0.0735,1.0
0.0027502750275027505,0.0085,1.0
0.022002200220022004,0.0,1.0
0.0638063806380638,0.0,1.0
0.0033003300330033004,0.0,1.0
0.009350935093509352,0.0015,1.0
0.0,0.020499999999999997,1.0
0.0,0.004,1.0
0.04455445544554456,0.005,1.0
0.024752475247524754,0.011,1.0
0.0,0.0,1.0
0.04455445544554456,0.02,1.0
0.0,0.019,1.0
0.09790979097909791,0.0,1.0
0.0,0.0,1.0
0.0,0.068,1.0
0.0,0.0,1.0
0.0,0.0405,1.0
0.027502750275027504,0.0,1.0
0.02145214521452145,0.0,1.0
0.0,0.2,1.0
0.0027502750275027505,0.0,1.0
0.04455445544554456,0.0,1.0
0.0,0.04,1.0
0.030253025302530257,0.0,1.0
0.030253025302530257,0.0,1.0
0.0,0.0155,1.0
0.03795379537953795,0.034499999999999996,1.0
0.0858085808580858,0.078,1.0
0.029702970297029705,0.0,1.0
0.023652365236523653,0.094,1.0
0.0242024202420242,0.011,1.0
0.0,0.0,1.0
0.02035203520352035,0.0,1.0
0.0,0.0155,1.0
0.0,0.0155,1.0
0.0027502750275027505,0.0,1.0
0.0,0.0,1.0
0.0,0.020499999999999997,1.0
0.08910891089108912,0.004,1.0
0.0,0.0,1.0
0.08965896589658966,0.0,1.0
0.0044004400440044,0.0,1.0
0.0044004400440044,0.0,1.0
0.05720572057205721,0.034499999999999996,1.0
0.0,0.0435,1.0
0.0,0.0,1.0
0.011001100110011002,0.02,1.0
0.0,0.0,1.0
0.15841584158415842,0.022,1.0
0.0,0.0,1.0
0.0,0.0,1.0
0.0,0.007000000000000001,1.0
0.041254125412541254,0.0185,1.0
0.0,0.0,1.0
0.07975797579757976,0.036,1.0
0.0,0.027000000000000003,1.0
0.09955995599559957,0.0905,1.0
0.0,0.024,1.0
0.0539053905390539,0.049,1.0
0.0,0.0,1.0
0.0,0.0945,1.0
0.0,0.015,1.0
0.0,0.0665,1.0
0.02035203520352035,0.025500000000000002,1.0
0.0,0.015,1.0
0.0,0.028999999999999998,1.0
0.025302530253025306,0.0,1.0
0.0,0.015,1.0
0.0,0.015,1.0
0.0,0.0,1.0
0.03795379537953795,0.0165,1.0
0.0,0.028999999999999998,1.0
0.0,0.015,1.0
0.0,0.015,1.0
0.02585258525852585,0.0355,1.0
0.0,0.0,1.0
0.0,0.0,1.0
0.0,0.024,1.0
0.0,0.024,1.0
0.08085808580858085,0.004,1.0
0.023652365236523653,0.0,1.0
0.023652365236523653,0.0,1.0
0.0,0.0435,1.0
0.0,0.0,1.0
0.019801980198019802,0.0,1.0
0.010451045104510451,0.0,1.0
0.0044004400440044,0.0,1.0
0.0,0.0395,1.0
0.041254125412541254,0.005,1.0
0.029702970297029705,0.018,1.0
0.0044004400440044,0.0,1.0
0.0,0.0,1.0
0.0,0.018,1.0
0.1034103410341034,0.0185,1.0
0.0,0.0,1.0
0.0,0.0,1.0
0.02145214521452145,0.0,1.0
0.0,0.019,1.0
0.0,0.0,1.0
0.0,0.0245,1.0
0.0,0.019,1.0
0.0,0.0,1.0
0.06160616061606161,0.0,1.0
0.02145214521452145,0.0,1.0
0.022552255225522552,0.08249999999999999,1.0
0.0,0.0,1.0
0.022552255225522552,0.08249999999999999,1.0
0.0,0.0,1.0
0.06655665566556655,0.0,1.0
0.026402640264026403,0.048,1.0
0.041804180418041806,0.005,1.0
0.0,0.0,1.0
0.0,0.053000000000000005,1.0
0.0,0.020499999999999997,1.0
0.0,0.027500000000000004,1.0
0.0,0.027500000000000004,1.0
0.10396039603960396,0.0185,1.0
0.009350935093509352,0.017,1.0
0.006600660066006601,0.0,1.0
0.02585258525852585,0.0115,1.0
0.041804180418041806,0.013000000000000001,1.0
0.0,0.0225,1.0
0.0,0.0615,1.0
0.0,0.0615,1.0
0.0,0.0615,1.0
0.0049504950495049506,0.0,1.0
0.03740374037403741,0.034,1.0
0.014851485148514853,0.0,1.0
0.0,0.0,1.0
0.006600660066006601,0.0,1.0
0.066006600660066,0.0,1.0
0.013201320132013201,0.0,1.0
0.0,0.0,1.0
0.05060506050605061,0.046,1.0
0.03685368536853686,0.0,1.0
0.08085808580858085,0.0,1.0
0.054455445544554455,0.0245,1.0
0.0,0.0,1.0
0.0,0.0,1.0
0.0,0.028000000000000004,1.0
0.06490649064906491,0.0,1.0
0.0,0.0,1.0
0.0,0.0,1.0
0.0,0.0,1.0
0.0,0.024,1.0
0.07920792079207921,0.0,1.0
0.03685368536853686,0.0,1.0
0.0,0.0235,1.0
0.0,0.0235,1.0
0.03795379537953795,0.0115,1.0
0.0,0.25,1.0
0.005500550055005501,0.005,1.0
0.08085808580858085,0.0,1.0
0.0,0.028000000000000004,1.0
0.0,0.0,1.0
0.0,0.0,1.0
0.0,0.156,1.0
0.041804180418041806,0.013000000000000001,1.0
0.0,0.0405,1.0
0.012651265126512653,0.0115,1.0
0.0231023102310231,0.0,1.0
0.0,0.0,1.0
0.0,0.0,1.0
0.0,0.0,1.0
0.0,0.0,1.0
0.0,0.0,1.0
0.0,0.0,1.0
0.03795379537953795,0.0115,1.0
0.0,0.0,1.0
0.0,0.0,1.0
0.0,0.0,1.0
0.0,0.0,1.0
0.0165016501650165,0.015,1.0
0.022552255225522552,0.031,1.0
0.0,0.0,1.0
0.041804180418041806,0.013000000000000001,1.0
0.0,0.0,1.0
0.0,0.0315,1.0
0.0,0.028000000000000004,1.0
0.0,0.0,1.0
0.0,0.0,1.0
0.0,0.004,1.0
0.018151815181518153,0.0,1.0
0.0,0.044,1.0
0.0,0.0,1.0
0.0319031903190319,0.0,1.0
0.0,0.0,1.0
0.0,0.018,1.0
0.0,0.0225,1.0
0.0049504950495049506,0.028999999999999998,1.0
0.0,0.0,1.0
0.0,0.0,1.0
0.132013201320132,0.04,1.0
0.0,0.0,1.0
0.0,0.0625,1.0
0.0,0.0,1.0
0.0385038503850385,0.0705,1.0
0.0,0.027500000000000004,1.0
0.0,0.0,1.0
0.0,0.0,1.0
0.0,0.0,1.0
0.04455445544554456,0.1635,1.0
0.012651265126512653,0.028999999999999998,1.0
0.0,0.14250000000000002,1.0
0.0,0.065,1.0
0.08855885588558857,0.0,1.0
0.0352035203520352,0.128,1.0
0.07095709570957096,0.032,1.0
0.0,0.0,1.0
0.0,0.0,1.0
0.0,0.0,1.0
0.0,0.0,1.0
0.0,0.0,1.0
0.0,0.0,1.0
0.0,0.0295,1.0
0.005500550055005501,0.005,1.0
0.0,0.1665,1.0
0.005500550055005501,0.005,1.0
0.009350935093509352,0.0435,1.0
0.0,0.0,1.0
0.0,0.052500000000000005,1.0
0.0027502750275027505,0.0,1.0
0.009350935093509352,0.0435,1.0
0.0,0.0,1.0
0.04400440044004401,0.0,1.0
0.0,0.0,1.0
0.006600660066006601,0.0,1.0
0.006600660066006601,0.0,1.0
0.04235423542354236,0.0,1.0
0.05115511551155116,0.0,1.0
0.0165016501650165,0.046,1.0
0.0,0.056499999999999995,1.0
0.0027502750275027505,0.0,1.0
0.0352035203520352,0.0,1.0
0.05115511551155116,0.0,1.0
0.010451045104510451,0.0,1.0
0.0,0.0,1.0
0.022002200220022004,0.0,1.0
0.0,0.0195,1.0
0.0,0.0,1.0
0.08910891089108912,0.0,1.0
0.0,0.04,1.0
0.04950495049504951,0.0905,1.0
0.14521452145214522,0.0,1.0
0.0,0.05550000000000001,1.0
0.04400440044004401,0.0805,1.0
0.029152915291529156,0.0,1.0
0.12926292629262928,0.058499999999999996,1.0
0.0,0.0,1.0
0.04400440044004401,0.04,1.0
0.04400440044004401,0.04,1.0
0.07150715071507151,0.0295,1.0
0.028602860286028604,0.039,1.0
0.04455445544554456,0.005,1.0
0.0121012101210121,0.011,1.0
0.04400440044004401,0.0,1.0
0.0,0.0245,1.0
0.0,0.0325,1.0
0.0,0.0625,1.0
0.0,0.0,1.0
0.0,0.057999999999999996,1.0
0.0,0.0,1.0
0.0088008800880088,0.0095,1.0
0.0088008800880088,0.0095,1.0
0.04565456545654565,0.0,1.0
0.0,0.0,1.0
0.005500550055005501,0.0085,1.0
0.077007700770077,0.0,1.0
0.029702970297029705,0.013500000000000002,1.0
0.02145214521452145,0.049,1.0
0.0,0.0,1.0
0.0638063806380638,0.0015,1.0
0.0,0.0,1.0
0.0,0.039,1.0
0.0,0.10200000000000001,1.0
0.0,0.0,1.0
0.0,0.032,1.0
0.0462046204620462,0.0,1.0
0.03355335533553355,0.015,1.0
0.20737073707370737,0.0,1.0
0.0,0.0,1.0
0.20737073707370737,0.0,1.0
0.0,0.0,1.0
0.20737073707370737,0.0,1.0
0.0,0.0,1.0
0.01155115511551155,0.0,1.0
0.0,0.019,1.0
0.03740374037403741,0.0,1.0
0.0,0.0,1.0
0.06875687568756876,0.0,1.0
0.0,0.0665,1.0
0.0,0.0,1.0
0.0,0.0,1.0
0.0,0.0,1.0
0.07425742574257427,0.0305,1.0
0.07425742574257427,0.0305,1.0
0.0,0.0,1.0
0.014301430143014302,0.0,1.0
0.0,0.0,1.0
0.0,0.077,1.0
0.0,0.0,1.0
0.0,0.0,1.0
0.00605060506050605,0.10700000000000001,1.0
0.05885588558855886,0.0,1.0
0.010451045104510451,0.028499999999999998,1.0
0.011001100110011002,0.0455,1.0
0.036303630363036306,0.0115,1.0
0.0352035203520352,0.0,1.0
0.011001100110011002,0.0455,1.0
0.0044004400440044,0.0125,1.0
0.02145214521452145,0.0,1.0
0.0,0.0,1.0
0.011001100110011002,0.0455,1.0
0.0,0.063,1.0
0.0,0.0805,1.0
0.0088008800880088,0.08,1.0
0.0088008800880088,0.0805,1.0
0.0,0.0,1.0
0.0,0.0625,1.0
0.01595159515951595,0.0435,1.0
0.0,0.0,1.0
0.0,0.05550000000000001,1.0
0.09790979097909791,0.0,1.0
0.02695269526952695,0.056999999999999995,1.0
0.0352035203520352,0.1945,1.0
0.0,0.048,1.0
0.0,0.0925,1.0
0.10671067106710672,0.019,1.0
0.046754675467546754,0.0,1.0
0.0165016501650165,0.0,1.0
0.0,0.05600000000000001,1.0
0.024752475247524754,0.0,1.0
0.019801980198019802,0.0,1.0
0.0,0.0,1.0
0.05005500550055006,0.013000000000000001,1.0
0.018151815181518153,0.0335,1.0
0.007150715071507151,0.0,1.0
0.0,0.16899999999999998,1.0
0.0,0.0,1.0
0.01595159515951595,0.007000000000000001,1.0
0.07260726072607261,0.03,1.0
0.07205720572057206,0.1315,1.0
0.09900990099009901,0.0,1.0
0.0,0.028999999999999998,1.0
0.0,0.012,1.0
0.018151815181518153,0.033,1.0
0.0,0.0,1.0
0.05720572057205721,0.0,1.0
0.0,0.0,1.0
0.0,0.2455,1.0
0.0,0.013000000000000001,1.0
0.0,0.0,1.0
0.0,0.025,1.0
0.013751375137513752,0.0,1.0
0.0,0.034999999999999996,1.0
0.0,0.0,1.0
0.05665566556655666,0.0,1.0
0.0,0.0,1.0
0.0,0.0,1.0
0.041254125412541254,0.008,1.0
0.0,0.078,1.0
0.0,0.06999999999999999,1.0
0.0,0.0,1.0
0.0,0.0,1.0
0.0,0.0,1.0
0.009350935093509352,0.0,1.0
0.005500550055005501,0.005,1.0
0.0,0.0,1.0
0.0,0.0645,1.0
0.0,0.0,1.0
0.056105610561056105,0.0,1.0
0.0,0.0,1.0
0.0044004400440044,0.0125,1.0
0.0,0.1535,1.0
0.0,0.087,1.0
0.01925192519251925,0.0085,1.0
0.0352035203520352,0.0,1.0
0.02145214521452145,0.0,1.0
0.017051705170517052,0.0155,1.0
0.0,0.048,1.0
0.154015401540154,0.0,1.0
0.0,0.0,1.0
0.0,0.0,1.0
0.06655665566556655,0.02,1.0
0.0,0.0,1.0
0.08525852585258527,0.0125,1.0
0.017051705170517052,0.019,1.0
0.1309130913091309,0.0,1.0
0.0231023102310231,0.0,1.0
0.0,0.0,1.0
0.0,0.0505,1.0
0.0,0.0485,1.0
0.0077007700770077014,0.0,1.0
0.07260726072607261,0.03,1.0
0.066006600660066,0.02,1.0
0.0,0.0,1.0
0.036303630363036306,0.0115,1.0
0.09405940594059406,0.03,1.0
0.0,0.0,1.0
0.0319031903190319,0.0,1.0
0.0,0.071,1.0
0.08360836083608361,0.015,1.0
0.015401540154015403,0.028000000000000004,1.0
0.010451045104510451,0.033,1.0
0.06105610561056106,0.0,1.0
0.028052805280528052,0.0125,1.0
0.0,0.3845,1.0
0.0,0.08299999999999999,1.0
0.01925192519251925,0.10500000000000001,1.0
0.0,0.301,1.0
0.029152915291529156,0.0,1.0
0.0,0.063,1.0
0.0,0.0,1.0
0.022002200220022004,0.036,1.0
0.0,0.3045,1.0
0.06325632563256325,0.0,1.0
0.020902090209020903,0.014499999999999999,1.0
0.05555555555555556,0.01,1.0
0.08360836083608361,0.0,1.0
0.0,0.019,1.0
0.035753575357535754,0.008,1.0
0.0,0.0,1.0
0.0165016501650165,0.015,1.0
0.041254125412541254,0.0075,1.0
0.01595159515951595,0.0045,1.0
0.0,0.061,1.0
0.0,0.11100000000000002,1.0
0.0,0.034999999999999996,1.0
0.0858085808580858,0.043,1.0
0.13256325632563257,0.017,1.0
0.01925192519251925,0.017499999999999998,1.0
0.012651265126512653,0.0115,1.0
0.0,0.0,1.0
0.1034103410341034,0.0,1.0
0.014851485148514853,0.054000000000000006,1.0
0.0088008800880088,0.0,1.0
0.0,0.0,1.0
0.0,0.019,1.0
0.02145214521452145,0.014499999999999999,1.0
0.0,0.0,1.0
0.022552255225522552,0.020499999999999997,1.0
0.0,0.043,1.0
0.0,0.052500000000000005,1.0
0.020902090209020903,0.0,1.0
0.0,0.0625,1.0
0.0,0.0,1.0
0.043454345434543455,0.0,1.0
0.0,0.0235,1.0
0.0,0.0235,1.0
0.0,0.0245,1.0
0.0,0.0595,1.0
0.0,0.08149999999999999,1.0
0.01155115511551155,0.019,1.0
0.0,0.0,1.0
0.02585258525852585,0.0,1.0
0.0,0.0,1.0
0.009350935093509352,0.0,1.0
0.0,0.0,1.0
0.030803080308030806,0.0,1.0
0.0,0.04,1.0
0.0,0.0,1.0
0.0,0.0,1.0
0.0,0.0,1.0
0.0,0.068,1.0
0.0,0.0,1.0
0.041254125412541254,0.0125,1.0
0.0,0.0,1.0
0.0462046204620462,0.0,1.0
0.045104510451045104,0.020499999999999997,1.0
0.0,0.045,1.0
0.0,0.0,1.0
0.0,0.0,1.0
0.0539053905390539,0.05600000000000001,1.0
0.0,0.045,1.0
0.0,0.0,1.0
0.0,0.0,1.0
0.0,0.238,1.0
0.0088008800880088,0.040999999999999995,1.0
0.030253025302530257,0.0,1.0
0.0,0.0,1.0
0.0,0.063,1.0
0.06160616061606161,0.0,1.0
0.0,0.0,1.0
0.03355335533553355,0.0305,1.0
0.0,0.1085,1.0
0.0,0.016,1.0
0.0,0.1085,1.0
0.0,0.0,1.0
0.0231023102310231,0.016,1.0
0.0,0.0,1.0
0.030803080308030806,0.028000000000000004,1.0
0.0,0.0,1.0
0.0,0.027000000000000003,1.0
0.09075907590759076,0.040999999999999995,1.0
0.0,0.0,1.0
0.023652365236523653,0.014499999999999999,1.0
0.12211221122112212,0.014499999999999999,1.0
0.0044004400440044,0.0,1.0
0.00605060506050605,0.022,1.0
0.0,0.0,1.0
0.005500550055005501,0.0,1.0
0.0242024202420242,0.022,1.0
0.023652365236523653,0.0,1.0
0.0,0.0,1.0
0.0,0.5,1.0
0.0,0.0,1.0
0.08965896589658966,0.0405,1.0
0.0,0.0395,1.0
0.0,0.0,1.0
0.0,0.0,1.0
0.010451045104510451,0.028999999999999998,1.0
0.0,0.0365,1.0
0.0,0.2,1.0
0.27502750275027504,0.0,1.0
0.0,0.1575,1.0
0.06545654565456545,0.0,1.0
0.0,0.0,1.0
0.0033003300330033004,0.034499999999999996,1.0
0.010451045104510451,0.033,1.0
0.0,0.053500000000000006,1.0
0.09955995599559957,0.011,1.0
0.0,0.0235,1.0
0.0,0.01,1.0
0.09955995599559957,0.011,1.0
0.0,0.1405,1.0
0.06325632563256325,0.0095,1.0
0.0,0.0,1.0
0.043454345434543455,0.031,1.0
0.007150715071507151,0.006500000000000001,1.0
0.0,0.020499999999999997,1.0
0.0,0.1785,1.0
0.0,0.031,1.0
0.010451045104510451,0.028999999999999998,1.0
0.0,0.0,1.0
0.0,0.0805,1.0
0.0,0.019,1.0
0.02695269526952695,0.0,1.0
0.028602860286028604,0.052500000000000005,1.0
0.0,0.0,1.0
0.052255225522552254,0.0,1.0
0.0,0.21349999999999997,1.0
0.07370737073707372,0.0095,1.0
0.0,0.0925,1.0
0.0,0.0,1.0
0.022002200220022004,0.032,1.0
0.0,0.041999999999999996,1.0
0.0,0.03,1.0
0.010451045104510451,0.033,1.0
0.0,0.0,1.0
0.03795379537953795,0.006500000000000001,1.0
0.0077007700770077014,0.007000000000000001,1.0
0.007150715071507151,0.006500000000000001,1.0
0.009350935093509352,0.0775,1.0
0.06325632563256325,0.0095,1.0
0.022002200220022004,0.027000000000000003,1.0
0.0,0.03,1.0
0.06325632563256325,0.0095,1.0
0.0,0.129,1.0
0.009350935093509352,0.051500000000000004,1.0
0.0,0.0,1.0
0.06325632563256325,0.0095,1.0
0.08085808580858085,0.014499999999999999,1.0
0.08085808580858085,0.014499999999999999,1.0
0.009350935093509352,0.0085,1.0
0.040154015401540157,0.0,1.0
0.0319031903190319,0.028999999999999998,1.0
0.0,0.0055,1.0
0.0,0.2955,1.0
0.07370737073707372,0.0095,1.0
0.22497249724972496,0.056499999999999995,1.0
0.0,0.0,1.0
0.0,0.064,1.0
0.0,0.0,1.0
0.0,0.019,1.0
0.0,0.08299999999999999,1.0
0.08250825082508251,0.013500000000000002,1.0
0.0231023102310231,0.016,1.0
0.029702970297029705,0.0,1.0
0.066006600660066,0.02,1.0
0.0,0.227,1.0
0.0,0.0,1.0
0.0,0.0655,1.0
0.0,0.0595,1.0
0.07480748074807482,0.0,1.0
0.0,0.006,1.0
0.0,0.006,1.0
0.0,0.006,1.0
0.032453245324532455,0.0,1.0
0.0231023102310231,0.016,1.0
0.0,0.0,1.0
0.0,0.0,1.0
0.01155115511551155,0.042499999999999996,1.0
0.0319031903190319,0.073,1.0
0.08470847084708472,0.033,1.0
0.08965896589658966,0.0,1.0
0.041804180418041806,0.0,1.0
0.08470847084708472,0.033,1.0
0.0,0.0,1.0
0.0,0.0,1.0
0.04785478547854786,0.0,1.0
0.22497249724972496,0.056499999999999995,1.0
0.01925192519251925,0.10600000000000001,1.0
0.05335533553355336,0.0075,1.0
0.0,0.0,1.0
0.07975797579757976,0.006,1.0
0.041254125412541254,0.0075,1.0
0.024752475247524754,0.0905,1.0
0.0,0.0,1.0
0.07425742574257427,0.0,1.0
0.26457645764576454,0.0,1.0
0.005500550055005501,0.0085,1.0
0.0462046204620462,0.0445,1.0
0.0,0.010499999999999999,1.0
0.05995599559955996,0.0335,1.0
0.035753575357535754,0.008,1.0
0.033003300330033,0.091,1.0
0.0088008800880088,0.076,1.0
0.0,0.0,1.0
0.0,0.1675,1.0
0.0,0.012,1.0
0.0,0.0,1.0
0.00825082508250825,0.015,1.0
0.01595159515951595,0.0435,1.0
0.0,0.0,1.0
0.0,0.0,1.0
0.0,0.12,1.0
0.0,0.0235,1.0
0.02695269526952695,0.0,1.0
0.15126512651265125,0.0225,1.0
0.0,0.034,1.0
0.06160616061606161,0.013000000000000001,1.0
0.0858085808580858,0.043,1.0
0.0,0.014499999999999999,1.0
0.0858085808580858,0.043,1.0
0.0,0.026500000000000003,1.0
0.0,0.0,1.0
0.0,0.0,1.0
0.0,0.028000000000000004,1.0
0.0,0.3125,1.0
0.0,0.0,1.0
0.02145214521452145,0.0,1.0
0.09185918591859185,0.013500000000000002,1.0
0.012651265126512653,0.028999999999999998,1.0
0.030253025302530257,0.0,1.0
0.0,0.0,1.0
0.0,0.0,1.0
0.0,0.0,1.0
0.0,0.0,1.0
0.0,0.0,1.0
0.0,0.0,1.0
0.02695269526952695,0.0,1.0
0.08745874587458746,0.044,1.0
0.02695269526952695,0.0,1.0
0.012651265126512653,0.028999999999999998,1.0
0.2337733773377338,0.0,1.0
0.04565456545654565,0.0,1.0
0.0,0.833,1.0
0.08745874587458746,0.044,1.0
0.0,0.0,1.0
0.0,0.0,1.0
0.0484048404840484,0.022,1.0
0.02145214521452145,0.0,1.0
0.06875687568756876,0.007000000000000001,1.0
0.0,0.0,1.0
0.0,0.12,1.0
0.02145214521452145,0.0,1.0
0.0,0.0,1.0
0.08085808580858085,0.043,1.0
0.0,0.123,1.0
0.0,0.121,1.0
0.0,0.0,1.0
0.0,0.0,1.0
0.0,0.0,1.0
0.03740374037403741,0.0,1.0
0.03740374037403741,0.0,1.0
0.0,0.0,1.0
0.034103410341034104,0.01,1.0
0.0,0.072,1.0
0.030803080308030806,0.014000000000000002,1.0
0.0,0.10300000000000001,1.0
0.0,0.0,1.0
0.036303630363036306,0.013000000000000001,1.0
0.19636963696369636,0.0,1.0
0.0,0.0,1.0
0.20352035203520352,0.0,1.0
0.0,0.0,1.0
0.04455445544554456,0.005,1.0
0.00825082508250825,0.015,1.0
0.20352035203520352,0.0925,1.0
0.0,0.0325,1.0
0.02585258525852585,0.0,1.0
0.0319031903190319,0.0,1.0
0.0,0.072,1.0
0.0,0.12150000000000001,1.0
0.0,0.0,1.0
0.0,0.0,1.0
0.0,0.038,1.0
0.0,0.0,1.0
0.0,0.0,1.0
0.0,0.041499999999999995,1.0
0.2156215621562156,0.0,1.0
0.0,0.0,1.0
0.0,0.001,1.0
0.04455445544554456,0.005,1.0
0.05995599559955996,0.0,1.0
0.0,0.04,1.0
0.0121012101210121,0.05550000000000001,1.0
0.0,0.06949999999999999,1.0
0.0,0.0,1.0
0.020902090209020903,0.0095,1.0
0.0,0.0185,1.0
0.0,0.0,1.0
0.028602860286028604,0.034499999999999996,1.0
0.0,0.024,1.0
0.0,0.0,1.0
0.02145214521452145,0.0,1.0
0.0,0.0,1.0
0.0,0.037,1.0
0.02695269526952695,0.045,1.0
0.05940594059405941,0.16299999999999998,1.0
0.10561056105610561,0.0,1.0
0.014851485148514853,0.0045,1.0
0.0,0.02,1.0
0.0,0.0,1.0
0.0,0.0,1.0
0.035753575357535754,0.0215,1.0
0.0,0.032,1.0
0.027502750275027504,0.025,1.0
0.045104510451045104,0.0,1.0
0.0231023102310231,0.016,1.0
0.0,0.0,1.0
0.01925192519251925,0.017499999999999998,1.0
0.0,0.0335,1.0
0.01155115511551155,0.0,1.0
0.11111111111111112,0.025,1.0
0.0,0.043,1.0
0.0044004400440044,0.004,1.0
0.045104510451045104,0.0,1.0
0.0,0.0,1.0
0.0,0.0,1.0
0.005500550055005501,0.005,1.0
0.0,0.005,1.0
0.0,0.018,1.0
0.0,0.0155,1.0
0.0,0.0,1.0
0.03740374037403741,0.034,1.0
0.014851485148514853,0.0675,1.0
0.0,0.019,1.0
0.0,0.0,1.0
0.0,0.0,1.0
0.0,0.0,1.0
0.0,0.0675,1.0
0.028052805280528052,0.025500000000000002,1.0
0.0,0.014499999999999999,1.0
0.0,0.0,1.0
0.005500550055005501,0.005,1.0
0.11001100110011001,0.0165,1.0
0.0,0.023,1.0
0.02145214521452145,0.0,1.0
0.04235423542354236,0.0385,1.0
0.0,0.0,1.0
0.028602860286028604,0.010499999999999999,1.0
0.0,0.0,0.0
0.046754675467546754,0.0,0.0
0.0,0.0,0.0
0.0,0.0,0.0
0.0,0.0,0.0
0.0,0.0,0.0
0.0,0.0,0.0
0.0,0.0,0.0
0.0,0.0,0.0
0.0,0.0,0.0
0.0,0.0,0.0
0.0,0.0,0.0
0.0,0.0,0.0
0.0,0.0,0.0
0.0,0.0,0.0
0.0,0.0,0.0
0.0,0.0,0.0
0.0,0.0,0.0
0.0,0.0,0.0
0.1276127612761276,0.11599999999999999,0.0
0.0,0.0,0.0
0.0,0.0,0.0
0.006600660066006601,0.012,0.0
0.0,0.0,0.0
0.0,0.0,0.0
0.0,0.0,0.0
0.0,0.0,0.0
0.0,0.0,0.0
0.0,0.0,0.0
0.07920792079207921,0.0,0.0
0.0,0.0,0.0
0.0,0.0,0.0
0.0,0.0,0.0
0.0,0.0,0.0
0.02695269526952695,0.004,0.0
0.0,0.0,0.0
0.0,0.0,0.0
0.0,0.0,0.0
0.0,0.0,0.0
0.0,0.0,0.0
0.0,0.0,0.0
0.0,0.0,0.0
0.0,0.0,0.0
0.0,0.0,0.0
0.029152915291529156,0.0,0.0
0.0,0.0,0.0
0.0,0.0,0.0
0.0,0.0,0.0
0.0,0.0,0.0
0.0,0.0,0.0
0.0,0.0,0.0
0.0,0.0,0.0
0.0,0.0,0.0
0.0,0.0,0.0
0.0,0.0,0.0
0.0,0.0,0.0
0.0,0.0,0.0
0.0,0.0,0.0
0.0,0.0,0.0
0.0,0.0,0.0
0.0,0.0,0.0
0.0,0.0,0.0
0.0,0.0,0.0
0.0,0.0,0.0
0.0,0.0,0.0
0.0,0.0,0.0
0.0,0.0,0.0
0.0,0.0,0.0
0.0,0.0,0.0
0.0,0.0,0.0
0.0,0.0,0.0
0.0,0.0,0.0
0.09570957095709572,0.0,0.0
0.0,0.0,0.0
0.0,0.0,0.0
0.0,0.0,0.0
0.0,0.0,0.0
0.0,0.0,0.0
0.0,0.0,0.0
0.0,0.0,0.0
0.0,0.0,0.0
0.00605060506050605,0.0055,0.0
0.0,0.0,0.0
0.0,0.0,0.0
0.0,0.0,0.0
0.0,0.0,0.0
0.0,0.0,0.0
0.0,0.0,0.0
0.005500550055005501,0.0,0.0
0.0,0.0,0.0
0.0,0.0,0.0
0.0,0.0,0.0
0.0,0.0,0.0
0.0,0.0,0.0
0.0,0.0,0.0
0.0,0.0,0.0
0.014301430143014302,0.013000000000000001,0.0
0.0,0.0,0.0
0.0,0.0,0.0
0.0352035203520352,0.0,0.0
0.0,0.0,0.0
0.0,0.0,0.0
0.0,0.0,0.0
0.014851485148514853,0.013500000000000002,0.0
0.0027502750275027505,0.0005,0.0
0.018151815181518153,0.0,0.0
0.0,0.0,0.0
0.0,0.0,0.0
0.0,0.0,0.0
0.0,0.0,0.0
0.0,0.0,0.0
0.0,0.0,0.0
0.0,0.0,0.0
0.0,0.0,0.0
0.0,0.0,0.0
0.0,0.0,0.0
0.07480748074807482,0.0,0.0
0.0,0.0,0.0
0.0,0.0,0.0
0.0,0.0,0.0
0.0,0.0,0.0
0.0,0.0,0.0
0.0,0.0,0.0
0.0,0.0,0.0
0.0,0.0,0.0
0.013751375137513752,0.0125,0.0
0.0,0.0,0.0
0.0,0.0,0.0
0.0,0.0,0.0
0.0,0.0,0.0
0.0,0.0,0.0
0.0,0.0,0.0
0.0,0.0,0.0
0.0231023102310231,0.0,0.0
0.0,0.0,0.0
0.0,0.0,0.0
0.0,0.0,0.0
0.0,0.0,0.0
0.0,0.0,0.0
0.0,0.0,0.0
0.0,0.0,0.0
0.0,0.0,0.0
0.0231023102310231,0.0,0.0
0.0,0.0,0.0
0.0,0.0,0.0
0.0,0.0,0.0
0.0,0.0,0.0
0.0,0.0,0.0
0.007150715071507151,0.0,0.0
0.0,0.0,0.0
0.0,0.0,0.0
0.0,0.0,0.0
0.0,0.0,0.0
0.0,0.0,0.0
0.0,0.0,0.0
0.077007700770077,0.0,0.0
0.0,0.0,0.0
0.0,0.0,0.0
0.0,0.0,0.0
0.0,0.0,0.0
0.0022002200220022,0.0,0.0
0.015401540154015403,0.0,0.0
0.0,0.0,0.0
0.0,0.0,0.0
0.0,0.0,0.0
0.0,0.0,0.0
0.05335533553355336,0.0,0.0
0.06765676567656766,0.0,0.0
0.0,0.0,0.0
0.0,0.0,0.0
0.029702970297029705,0.0,0.0
0.0,0.0,0.0
0.0,0.0,0.0
0.0,0.0,0.0
0.0,0.0,0.0
0.0,0.0,0.0
0.0,0.0,0.0
0.0,0.0,0.0
0.0,0.0,0.0
0.04785478547854786,0.0,0.0
0.0,0.0,0.0
0.0,0.0,0.0
0.0,0.0,0.0
0.0,0.0,0.0
0.0,0.0,0.0
0.06765676567656766,0.0,0.0
0.0,0.0,0.0
0.0,0.0,0.0
0.0,0.0,0.0
0.0,0.0,0.0
0.0,0.0,0.0
0.0,0.0,0.0
0.12926292629262928,0.0,0.0
0.041254125412541254,0.0,0.0
0.028052805280528052,0.0,0.0
0.046754675467546754,0.0,0.0
0.11606160616061606,0.0,0.0
0.02145214521452145,0.0,0.0
0.0,0.0,0.0
0.0,0.0,0.0
0.0,0.086,0.0
0.0,0.028999999999999998,0.0
0.0,0.0,0.0
0.0,0.0,0.0
0.0,0.0,0.0
0.030253025302530257,0.0,0.0
0.0,0.0,0.0
0.0,0.0,0.0
0.0,0.0,0.0
0.0,0.0,0.0
0.0,0.0,0.0
0.0,0.0,0.0
0.0,0.0,0.0
0.035753575357535754,0.0,0.0
0.0,0.0,0.0
0.0,0.0,0.0
0.0,0.0,0.0
0.04785478547854786,0.0,0.0
0.0,0.0,0.0
0.08965896589658966,0.0,0.0
0.0,0.0,0.0
0.0,0.0,0.0
0.0,0.0,0.0
0.027502750275027504,0.0,0.0
0.0,0.0,0.0
0.01925192519251925,0.0,0.0
0.0,0.0,0.0
0.09955995599559957,0.0,0.0
0.0,0.0,0.0
0.0,0.0,0.0
0.0,0.0,0.0
0.03685368536853686,0.0,0.0
0.0,0.0,0.0
0.06545654565456545,0.0,0.0
0.0,0.0,0.0
0.0,0.0,0.0
0.10176017601760176,0.0,0.0
0.041804180418041806,0.0,0.0
0.0,0.0,0.0
0.0,0.0,0.0
0.0,0.0,0.0
0.0,0.0,0.0
0.0,0.0,0.0
0.0,0.0,0.0
0.0,0.0,0.0
0.0,0.0,0.0
0.0,0.0,0.0
0.036303630363036306,0.0,0.0
0.0,0.0,0.0
0.03740374037403741,0.0,0.0
0.02585258525852585,0.0,0.0
0.0,0.0,0.0
0.0,0.0,0.0
0.05115511551155116,0.0,0.0
0.0,0.0,0.0
0.0,0.0,0.0
0.0,0.0,0.0
0.0,0.0,0.0
0.036303630363036306,0.0,0.0
0.056105610561056105,0.0,0.0
0.0,0.0,0.0
0.0,0.0,0.0
0.0,0.0,0.0
0.0,0.0,0.0
0.0,0.0,0.0
0.0,0.0,0.0
0.0,0.0,0.0
0.0,0.004,0.0
0.0,0.0,0.0
0.0,0.0,0.0
0.0,0.0,0.0
0.0,0.0,0.0
0.0,0.0,0.0
0.0,0.0,0.0
0.0,0.0,0.0
0.0,0.0,0.0
0.0,0.0,0.0
0.0,0.034,0.0
0.06490649064906491,0.0,0.0
0.0,0.0,0.0
0.0,0.0,0.0
0.0,0.0,0.0
0.0,0.0,0.0
0.0,0.0,0.0
0.0,0.0,0.0
0.0,0.0,0.0
0.0,0.0,0.0
0.0,0.0,0.0
0.0,0.0,0.0
0.0,0.0,0.0
0.029702970297029705,0.0,0.0
0.0,0.0,0.0
0.0,0.0,0.0
0.1408140814081408,0.0,0.0
0.1408140814081408,0.0,0.0
0.0,0.0,0.0
0.23872387238723872,0.0,0.0
0.0,0.0,0.0
0.0,0.0,0.0
0.0,0.0,0.0
0.0,0.0,0.0
0.0044004400440044,0.0,0.0
0.0,0.0,0.0
0.0049504950495049506,0.0,0.0
0.0,0.0,0.0
0.02695269526952695,0.0,0.0
0.0,0.0,0.0
0.025302530253025306,0.0,0.0
0.0121012101210121,0.0,0.0
0.07260726072607261,0.0495,0.0
0.0,0.0,0.0
0.0,0.0,0.0
0.0,0.0,0.0
0.0,0.0,0.0
0.0,0.0035000000000000005,0.0
0.05775577557755776,0.0,0.0
0.09460946094609461,0.0,0.0
0.0,0.0,0.0
0.0,0.0,0.0
0.04455445544554456,0.0,0.0
0.00825082508250825,0.0,0.0
0.0,0.0,0.0
0.0,0.0,0.0
0.05555555555555556,0.0,0.0
0.0,0.0,0.0
0.0,0.0,0.0
0.0,0.0,0.0
0.0,0.0,0.0
0.0,0.0,0.0
0.0,0.0,0.0
0.0,0.0,0.0
0.0,0.0,0.0
0.0,0.0,0.0
0.0,0.0,0.0
0.0429042904290429,0.039,0.0
0.0,0.0,0.0
0.0,0.0,0.0
0.0,0.0,0.0
0.0,0.0,0.0
0.0,0.0,0.0
0.0,0.0,0.0
0.0,0.0,0.0
0.0,0.0,0.0
0.0,0.0,0.0
0.0,0.0,0.0
0.0,0.0,0.0
0.0,0.004,0.0
0.0,0.0,0.0
0.0,0.0,0.0
0.0,0.0,0.0
0.0,0.0,0.0
0.0,0.0,0.0
0.039603960396039604,0.0,0.0
0.0,0.0,0.0
0.0,0.0,0.0
0.0,0.0,0.0
0.0,0.0,0.0
0.0,0.0,0.0
0.0,0.0,0.0
0.0,0.0,0.0
0.0,0.0,0.0
0.0,0.0,0.0
0.0,0.0,0.0
0.0,0.0,0.0
0.0022002200220022,0.0,0.0
0.0,0.0,0.0
0.0,0.0,0.0
0.0,0.0,0.0
0.05500550055005501,0.0,0.0
0.0,0.0,0.0
0.0,0.0,0.0
0.0,0.0,0.0
0.007150715071507151,0.0055,0.0
0.0,0.0,0.0
0.0,0.0,0.0
0.0,0.0,0.0
0.01595159515951595,0.0,0.0
0.0,0.0,0.0
0.0,0.0,0.0
0.0,0.0,0.0
0.0,0.0,0.0
0.0,0.0,0.0
0.0,0.0,0.0
0.0,0.0495,0.0
0.0,0.0,0.0
0.0,0.0,0.0
0.0,0.0,0.0
0.0,0.0,0.0
0.0,0.0,0.0
0.07755775577557755,0.0,0.0
0.0,0.0,0.0
0.0,0.0,0.0
0.0,0.0,0.0
0.07095709570957096,0.0,0.0
0.0,0.0,0.0
0.0,0.0,0.0
0.0,0.0,0.0
0.0,0.0,0.0
0.0,0.0,0.0
0.0,0.0,0.0
0.02035203520352035,0.0,0.0
0.0,0.0,0.0
0.0,0.0,0.0
0.0,0.0,0.0
0.0,0.0,0.0
0.0,0.0,0.0
0.0,0.0,0.0
0.0,0.0,0.0
0.0,0.0,0.0
0.0,0.0,0.0
0.1276127612761276,0.0,0.0
0.01155115511551155,0.0,0.0
0.0,0.0465,0.0
0.0,0.0,0.0
0.0,0.0,0.0
0.0,0.0,0.0
0.02145214521452145,0.0,0.0
0.0,0.0,0.0
0.0,0.0,0.0
0.0,0.0,0.0
0.0,0.0,0.0
0.0,0.0,0.0
0.0,0.0,0.0
0.0,0.0925,0.0
0.0,0.0,0.0
0.0,0.0,0.0
0.007150715071507151,0.0,0.0
0.0,0.0,0.0
0.0,0.0,0.0
0.0,0.0,0.0
0.0,0.0,0.0
0.0,0.0,0.0
0.0,0.0,0.0
0.0,0.0,0.0
0.0,0.0,0.0
0.0,0.0,0.0
0.0,0.06899999999999999,0.0
0.13751375137513752,0.0,0.0
0.0,0.0,0.0
0.0121012101210121,0.0,0.0
0.0,0.0,0.0
0.0,0.0,0.0
0.0,0.0045,0.0
0.0,0.0,0.0
0.0,0.0,0.0
0.0,0.0,0.0
0.13366336633663367,0.0,0.0
0.0,0.0,0.0
0.009900990099009901,0.0,0.0
0.0,0.0,0.0
0.0,0.0,0.0
0.0,0.0,0.0
0.0,0.0,0.0
0.0,0.0,0.0
0.0,0.0,0.0
0.0,0.0,0.0
0.0,0.0,0.0
0.0,0.0,0.0
0.0,0.0,0.0
0.0,0.0,0.0
0.0,0.0,0.0
0.0,0.0,0.0
0.0,0.0,0.0
0.0,0.0,0.0
0.01595159515951595,0.0,0.0
0.0,0.0,0.0
0.0,0.0,0.0
0.0,0.0,0.0
0.0,0.0165,0.0
0.0,0.0,0.0
0.0,0.0,0.0
0.0,0.0,0.0
0.0,0.0,0.0
0.0,0.0,0.0
0.0,0.0,0.0
0.03795379537953795,0.0,0.0
0.0,0.0,0.0
0.06985698569856987,0.0,0.0
0.0,0.0,0.0
0.0077007700770077014,0.0,0.0
0.0,0.0,0.0
0.006600660066006601,0.0,0.0
0.0,0.0,0.0
0.0,0.0,0.0
0.0,0.0,0.0
0.009900990099009901,0.0,0.0
0.0,0.0,0.0
0.0,0.0,0.0
0.0,0.0,0.0
0.0,0.0,0.0
0.0,0.0,0.0
0.0,0.024,0.0
0.0,0.024,0.0
0.09790979097909791,0.089,0.0
0.0,0.0,0.0
0.034653465346534656,0.0,0.0
0.0,0.0,0.0
0.02035203520352035,0.0,0.0
0.0,0.0,0.0
0.0,0.0,0.0
0.0,0.0,0.0
0.0,0.0,0.0
0.0,0.0,0.0
0.010451045104510451,0.0,0.0
0.0,0.0,0.0
0.0,0.0,0.0
0.0,0.0,0.0
0.0,0.0,0.0
0.0,0.0,0.0
0.0,0.0,0.0
0.0,0.0,0.0
0.0,0.0,0.0
0.0,0.0,0.0
0.0,0.0,0.0
0.0,0.0,0.0
0.0,0.0,0.0
0.0,0.0,0.0
0.0,0.004,0.0
0.0,0.0,0.0
0.0,0.003,0.0
0.13641364136413642,0.0,0.0
0.13641364136413642,0.0,0.0
0.0,0.0,0.0
0.0,0.0,0.0
0.0,0.0,0.0
0.0,0.0,0.0
0.03795379537953795,0.06899999999999999,0.0
0.1309130913091309,0.0,0.0
0.0,0.0,0.0
0.0,0.0,0.0
0.0,0.0,0.0
0.0,0.0,0.0
0.00605060506050605,0.0015,0.0
0.0,0.0,0.0
0.0,0.0,0.0
0.0,0.0,0.0
0.0,0.0,0.0
0.0,0.0,0.0
0.0,0.0,0.0
0.0,0.0,0.0
0.0,0.0,0.0
0.0,0.0,0.0
0.0,0.0,0.0
0.0,0.0,0.0
0.0,0.0,0.0
0.0,0.0,0.0
0.026402640264026403,0.0,0.0
0.0,0.0,0.0
0.0,0.0,0.0
0.0,0.0,0.0
0.0,0.0,0.0
0.0,0.0,0.0
0.0,0.0,0.0
0.0,0.0,0.0
0.0,0.0,0.0
0.0,0.0,0.0
0.0,0.0,0.0
0.0484048404840484,0.0,0.0
0.0,0.0,0.0
0.0,0.0,0.0
0.0,0.0,0.0
0.0,0.0,0.0
0.0,0.0,0.0
0.0,0.0,0.0
0.0,0.0,0.0
0.0,0.0,0.0
0.0,0.0,0.0
0.0,0.0,0.0
0.0,0.0,0.0
0.0,0.0,0.0
0.0,0.0,0.0
0.08965896589658966,0.0,0.0
0.0,0.0,0.0
0.0,0.0,0.0
0.0,0.0,0.0
0.11661166116611663,0.0,0.0
0.0,0.0,0.0
0.0,0.0,0.0
0.0,0.0,0.0
0.005500550055005501,0.010499999999999999,0.0
0.006600660066006601,0.0095,0.0
0.0,0.0,0.0
0.009350935093509352,0.0,0.0
0.0,0.0,0.0
0.0,0.0,0.0
0.0,0.0,0.0
0.0,0.0,0.0
0.024752475247524754,0.0,0.0
0.0,0.018,0.0
0.0,0.0,0.0
0.0,0.0,0.0
0.0,0.0,0.0
0.0,0.0,0.0
0.0,0.0,0.0
0.0,0.0,0.0
0.0,0.0,0.0
0.0,0.0,0.0
0.0,0.0,0.0
0.0,0.0,0.0
0.0,0.0,0.0
0.0,0.0,0.0
0.0,0.0,0.0
0.0,0.0,0.0
0.0,0.0,0.0
0.0,0.0,0.0
0.0,0.0,0.0
0.05115511551155116,0.0,0.0
0.0,0.0,0.0
0.0,0.0,0.0
0.0,0.0,0.0
0.0,0.0,0.0
0.0,0.0,0.0
0.0,0.0,0.0
0.040154015401540157,0.0,0.0
0.0,0.0,0.0
0.06160616061606161,0.0,0.0
0.0,0.0,0.0
0.0,0.0,0.0
0.03135313531353135,0.028499999999999998,0.0
0.013201320132013201,0.0,0.0
0.0,0.0,0.0
0.0,0.0,0.0
0.0,0.0,0.0
0.0,0.0,0.0
0.0,0.0,0.0
0.0,0.0,0.0
0.0,0.0,0.0
0.0,0.0,0.0
0.0,0.0,0.0
0.0,0.0,0.0
0.0,0.0,0.0
0.0,0.0,0.0
0.0,0.0,0.0
0.0,0.0,0.0
0.0,0.0,0.0
0.0,0.0,0.0
0.0,0.0,0.0
0.005500550055005501,0.005,0.0
0.0,0.0,0.0
0.0,0.0,0.0
0.0,0.0,0.0
0.0,0.0,0.0
0.0,0.0,0.0
0.0,0.0,0.0
0.0,0.0,0.0
0.0,0.0,0.0
0.0,0.0,0.0
0.0,0.0,0.0
0.0,0.1315,0.0
0.0,0.0,0.0
0.0,0.0,0.0
0.011001100110011002,0.020499999999999997,0.0
0.0,0.0,0.0
0.0,0.0,0.0
0.0,0.0,0.0
0.0,0.0,0.0
0.0,0.0,0.0
0.0,0.0,0.0
0.0,0.0,0.0
0.0,0.0,0.0
0.0,0.0,0.0
0.0,0.0,0.0
0.077007700770077,0.0,0.0
0.0,0.0,0.0
0.0,0.0,0.0
0.0352035203520352,0.0,0.0
0.0,0.063,0.0
0.028052805280528052,0.0,0.0
0.0,0.0,0.0
0.0,0.0,0.0
0.0,0.0,0.0
0.01595159515951595,0.0,0.0
0.0,0.0,0.0
0.0,0.0,0.0
0.0,0.0,0.0
0.0,0.0165,0.0
0.0,0.0,0.0
0.0,0.0,0.0
0.03740374037403741,0.0,0.0
0.0,0.0,0.0
0.0,0.0,0.0
0.05115511551155116,0.0,0.0
0.0,0.0,0.0
0.0,0.0,0.0
0.0,0.0,0.0
0.0,0.0,0.0
0.0,0.0,0.0
0.0,0.185,0.0
0.01925192519251925,0.0,0.0
0.0,0.0,0.0
0.0,0.0,0.0
0.0,0.0,0.0
0.07480748074807482,0.0085,0.0
0.0,0.0,0.0
0.0,0.0,0.0
0.02695269526952695,0.0,0.0
0.0,0.0,0.0
0.0,0.0,0.0
0.0,0.0,0.0
0.0,0.0,0.0
0.0,0.0,0.0
0.0,0.0,0.0
0.0,0.0,0.0
0.0,0.0,0.0
0.0,0.0,0.0
0.0,0.0,0.0
0.0,0.0,0.0
0.0,0.0,0.0
0.0,0.0,0.0
0.0,0.0,0.0
0.0,0.0,0.0
0.0,0.0,0.0
0.0,0.0,0.0
0.0,0.0,0.0
0.0,0.0,0.0
0.0,0.0,0.0
0.0,0.0,0.0
0.0,0.0,0.0
0.0,0.0,0.0
0.0,0.0,0.0
0.06545654565456545,0.0,0.0
0.041254125412541254,0.0,0.0
0.0,0.0,0.0
0.0,0.0,0.0
0.08305830583058306,0.0,0.0
0.012651265126512653,0.0055,0.0
0.02145214521452145,0.0,0.0
0.06435643564356436,0.0,0.0
0.0,0.0,0.0
0.0,0.0,0.0
0.0,0.0,0.0
0.0,0.0,0.0
0.0,0.008,0.0
0.0,0.0745,0.0
0.035753575357535754,0.0,0.0
0.0,0.0,0.0
0.0,0.0,0.0
0.0,0.0,0.0
0.0,0.0,0.0
0.023652365236523653,0.0,0.0
0.0,0.0,0.0
0.0,0.0,0.0
0.0,0.0,0.0
0.06765676567656766,0.0,0.0
0.0,0.0,0.0
0.0,0.0,0.0
0.0,0.0,0.0
0.0,0.0,0.0
0.0,0.0,0.0
0.0,0.0,0.0
0.0,0.0,0.0
0.0,0.0,0.0
0.0,0.0,0.0
0.10671067106710672,0.0,0.0
0.06545654565456545,0.0,0.0
0.0,0.0,0.0
0.09350935093509351,0.0,0.0
0.0,0.0,0.0
0.0,0.0,0.0
0.07315731573157316,0.0,0.0
0.012651265126512653,0.0,0.0
0.0,0.0,0.0
0.0,0.0,0.0
0.0,0.0,0.0
0.0,0.0,0.0
0.0,0.0,0.0
0.0,0.0,0.0
0.0,0.0,0.0
0.0,0.0,0.0
0.0,0.0,0.0
0.0,0.007000000000000001,0.0
0.0,0.0,0.0
0.05995599559955996,0.0,0.0
0.0,0.025500000000000002,0.0
0.20242024202420245,0.0,0.0
0.05005500550055006,0.0,0.0
0.0,0.0,0.0
0.0,0.0,0.0
0.0,0.0,0.0
0.0,0.0,0.0
0.0,0.0,0.0
0.0,0.0,0.0
0.0,0.0,0.0
0.0,0.0,0.0
0.0,0.0,0.0
0.0671067106710671,0.0,0.0
0.0,0.017499999999999998,0.0
0.0,0.0,0.0
0.0,0.0,0.0
0.0,0.0,0.0
0.0,0.0,0.0
0.0,0.0,0.0
0.0,0.0,0.0
0.04950495049504951,0.0,0.0
0.0,0.0,0.0
0.0,0.0,0.0
0.0,0.0,0.0
0.0,0.0,0.0
0.0,0.0,0.0
0.0,0.0,0.0
0.0,0.0,0.0
0.0,0.0,0.0
0.0,0.041999999999999996,0.0
0.0,0.0,0.0
0.0,0.011,0.0
0.0,0.0,0.0
0.0,0.011,0.0
0.0,0.0,0.0
0.0,0.0,0.0
0.0,0.0,0.0
0.0,0.0,0.0
0.0,0.0,0.0
0.0,0.0,0.0
0.0,0.0,0.0
0.0,0.0,0.0
0.0858085808580858,0.0,0.0
0.0,0.0,0.0
0.0,0.0,0.0
0.014851485148514853,0.0,0.0
0.0,0.0,0.0
0.011001100110011002,0.0,0.0
0.048954895489548955,0.0665,0.0
0.0,0.0,0.0
0.0,0.0,0.0
0.0,0.0,0.0
0.0044004400440044,0.008,0.0
0.0,0.0,0.0
0.0,0.0,0.0
0.0,0.0,0.0
0.0,0.0,0.0
0.0,0.0,0.0
0.0,0.0,0.0
0.0462046204620462,0.0,0.0
0.0,0.0,0.0
0.0,0.0,0.0
0.0,0.0,0.0
0.0,0.0,0.0
0.0033003300330033004,0.0,0.0
0.0,0.0,0.0
0.0,0.0,0.0
0.0,0.0,0.0
0.0,0.0,0.0
0.0,0.0,0.0
0.0,0.0,0.0
0.03740374037403741,0.0,0.0
0.02145214521452145,0.0,0.0
0.0,0.0,0.0
0.03740374037403741,0.0,0.0
0.0,0.0,0.0
0.04400440044004401,0.0,0.0
0.0,0.0,0.0
0.0,0.0,0.0
0.0,0.0,0.0
0.0,0.0,0.0
0.0,0.0,0.0
0.0,0.0,0.0
0.0,0.0,0.0
0.0,0.0,0.0
0.0,0.0,0.0
0.0,0.0,0.0
0.0,0.0,0.0
0.0,0.0,0.0
0.0,0.0,0.0
0.0,0.003,0.0
0.0,0.0,0.0
0.00605060506050605,0.006500000000000001,0.0
0.13751375137513752,0.0,0.0
0.0,0.0,0.0
0.0,0.003,0.0
0.0,0.0,0.0
0.06545654565456545,0.0,0.0
0.0,0.0,0.0
0.0,0.0,0.0
0.0,0.0335,0.0
0.0,0.0,0.0
0.0,0.08149999999999999,0.0
0.0,0.0,0.0
0.036303630363036306,0.0,0.0
0.0,0.0,0.0
0.029152915291529156,0.0,0.0
0.0,0.0,0.0
0.0,0.0,0.0
0.0,0.0,0.0
0.0,0.0,0.0
0.0,0.0,0.0
0.0,0.0,0.0
0.0,0.098,0.0
0.0,0.0,0.0
0.0,0.0,0.0
0.0,0.032,0.0
0.0,0.0235,0.0
0.0,0.0,0.0
0.0,0.0,0.0
0.0,0.06899999999999999,0.0
0.10176017601760176,0.0,0.0
0.01595159515951595,0.0,0.0
0.015401540154015403,0.0,0.0
0.0,0.0,0.0
0.0,0.0,0.0
0.0,0.0,0.0
0.0077007700770077014,0.0,0.0
0.0049504950495049506,0.0,0.0
0.04565456545654565,0.0,0.0
0.0,0.0,0.0
0.0,0.0,0.0
0.0,0.0,0.0
0.0,0.0,0.0
0.0,0.0,0.0
0.1639163916391639,0.0,0.0
0.0,0.0,0.0
0.0,0.0,0.0
0.0,0.0,0.0
0.0,0.0,0.0
0.0,0.0,0.0
0.0,0.0,0.0
0.0,0.0,0.0
0.0,0.0,0.0
0.0,0.0,0.0
0.0,0.0,0.0
0.0,0.0,0.0
0.0,0.0,0.0
0.0319031903190319,0.006500000000000001,0.0
0.0,0.0,0.0
0.0,0.0,0.0
0.0,0.0,0.0
0.0,0.0,0.0
0.0,0.0,0.0
0.0,0.0,0.0
0.0,0.0,0.0
0.0,0.0,0.0
0.0,0.0,0.0
0.0,0.0,0.0
0.0,0.0,0.0
0.0,0.0,0.0
0.0,0.0,0.0
0.0,0.0,0.0
0.0,0.0,0.0
0.0,0.0,0.0
0.0,0.0,0.0
0.0,0.0,0.0
0.02695269526952695,0.0,0.0
0.0,0.0,0.0
0.0,0.041499999999999995,0.0
0.0,0.0,0.0
0.0,0.0,0.0
0.0,0.0,0.0
0.0,0.0,0.0
0.0,0.0,0.0
0.013201320132013201,0.0,0.0
0.0858085808580858,0.0,0.0
0.0,0.0,0.0
0.00055005500550055,0.006500000000000001,0.0
0.0,0.0,0.0
0.0,0.0,0.0
0.0,0.0,0.0
0.0,0.0,0.0
0.07480748074807482,0.0,0.0
0.0,0.0,0.0
0.0,0.0,0.0
0.0,0.0,0.0
0.0,0.0,0.0
0.0,0.0,0.0
0.0462046204620462,0.0,0.0
0.0,0.020999999999999998,0.0
0.05775577557755776,0.0,0.0
0.0,0.0,0.0
0.10561056105610561,0.0,0.0
0.0,0.0,0.0
0.0,0.0,0.0
0.0,0.0,0.0
0.0,0.0,0.0
0.0,0.0,0.0
0.0,0.0,0.0
0.0,0.0,0.0
0.0,0.0,0.0
0.06215621562156215,0.0,0.0
0.04785478547854786,0.0,0.0
0.0,0.0,0.0
0.0,0.0,0.0
0.0,0.0,0.0
0.0,0.0,0.0
0.0,0.0,0.0
0.0,0.0,0.0
0.0,0.0,0.0
0.0,0.0,0.0
0.0,0.0,0.0
0.0,0.0,0.0
0.0,0.0,0.0
0.035753575357535754,0.0,0.0
0.0,0.0,0.0
0.04565456545654565,0.0,0.0
0.0,0.0,0.0
0.0,0.0,0.0
0.0,0.0,0.0
0.0,0.0,0.0
0.0,0.0,0.0
0.012651265126512653,0.0,0.0
0.0,0.0,0.0
0.0,0.0,0.0
0.0,0.0,0.0
0.0,0.0,0.0
0.0,0.0,0.0
0.04785478547854786,0.0,0.0
0.005500550055005501,0.0,0.0
0.0,0.0,0.0
0.0,0.0,0.0
0.0,0.0,0.0
0.0,0.0,0.0
0.0,0.0,0.0
0.0,0.0,0.0
0.0,0.0,0.0
0.0,0.0805,0.0
0.0,0.0,0.0
0.0,0.0,0.0
0.0,0.0,0.0
0.0,0.0,0.0
0.0,0.0,0.0
0.0027502750275027505,0.005,0.0
0.0,0.0,0.0
0.08690869086908691,0.0,0.0
0.07205720572057206,0.0,0.0
0.0,0.0,0.0
0.0,0.0,0.0
0.0,0.0,0.0
0.02695269526952695,0.0,0.0
0.05885588558855886,0.053500000000000006,0.0
0.0,0.0355,0.0
0.0,0.096,0.0
0.0,0.0,0.0
0.0,0.0,0.0
0.0,0.0,0.0
0.0385038503850385,0.0,0.0
0.0,0.0,0.0
0.0,0.0,0.0
0.0,0.0,0.0
0.0,0.0,0.0
0.0,0.11599999999999999,0.0
0.0,0.0,0.0
0.0,0.0,0.0
0.0,0.0,0.0
0.0,0.0,0.0
0.0,0.0,0.0
0.006600660066006601,0.0,0.0
0.0,0.099,0.0
0.0,0.013500000000000002,0.0
0.0,0.0,0.0
0.0,0.0,0.0
0.0,0.06999999999999999,0.0
0.01595159515951595,0.0,0.0
0.0429042904290429,0.0,0.0
0.0,0.0,0.0
0.0,0.0,0.0
0.0,0.0,0.0
0.0,0.0,0.0
0.0,0.0,0.0
0.045104510451045104,0.0,0.0
0.0,0.0,0.0
0.0,0.0,0.0
0.0,0.0,0.0
0.0,0.0,0.0
0.0,0.0,0.0
0.05775577557755776,0.052500000000000005,0.0
0.0,0.0,0.0
0.0,0.0,0.0
0.0027502750275027505,0.0045,0.0
0.05555555555555556,0.0,0.0
0.18316831683168316,0.0,0.0
0.0,0.0,0.0
0.0,0.0,0.0
0.0,0.0,0.0
0.0,0.0,0.0
0.0,0.0,0.0
0.0,0.0,0.0
0.0,0.0,0.0
0.0,0.0,0.0
0.0,0.0,0.0
0.0,0.0,0.0
0.0,0.0,0.0
0.0,0.0,0.0
0.06765676567656766,0.0615,0.0
0.0,0.0,0.0
0.07315731573157316,0.0,0.0
0.0,0.0,0.0
0.03740374037403741,0.0,0.0
0.0,0.0,0.0
0.0,0.0,0.0
0.06875687568756876,0.0,0.0
0.0,0.0,0.0
0.0,0.0,0.0
0.0,0.0,0.0
0.0,0.0,0.0
0.0,0.0,0.0
0.21507150715071507,0.027500000000000004,0.0
0.0,0.0,0.0
0.0,0.0,0.0
0.0,0.0,0.0
0.0,0.0,0.0
0.0,0.0,0.0
0.0088008800880088,0.0095,0.0
0.0,0.0,0.0
0.0,0.0,0.0
0.0,0.0,0.0
0.0,0.0,0.0
0.0,0.0,0.0
0.03685368536853686,0.0,0.0
0.0,0.019,0.0
0.0,0.025,0.0
0.0,0.0,0.0
0.0,0.0,0.0
0.0,0.0,0.0
0.0,0.0,0.0
0.0,0.0,0.0
0.0,0.0,0.0
0.03135313531353135,0.0,0.0
0.0,0.0,0.0
0.0,0.0,0.0
0.0,0.0,0.0
0.0,0.0,0.0
0.0,0.0,0.0
0.0,0.0,0.0
0.0,0.0,0.0
0.0,0.0,0.0
0.0,0.0,0.0
0.0,0.0,0.0
0.0,0.0045,0.0
0.0,0.0,0.0
0.0,0.0,0.0
0.0,0.0,0.0
0.06655665566556655,0.0,0.0
0.0,0.0,0.0
0.017051705170517052,0.005,0.0
0.0,0.0,0.0
0.0,0.0,0.0
0.0,0.0,0.0
0.0,0.0,0.0
0.026402640264026403,0.0,0.0
0.01595159515951595,0.014499999999999999,0.0
0.0,0.0,0.0
0.11936193619361936,0.0,0.0
0.01155115511551155,0.0,0.0
0.11936193619361936,0.0,0.0
0.0038503850385038507,0.0,0.0
0.0,0.0,0.0
0.0,0.0,0.0
1.0,0.0,0.0
0.0,0.0,0.0
0.0,0.0,0.0
0.0,0.0,0.0
0.0,0.0,0.0
0.0,0.0,0.0
0.01155115511551155,0.0,0.0
0.0638063806380638,0.0,0.0
0.0,0.0,0.0
0.0,0.0,0.0
0.0,0.0,0.0
0.026402640264026403,0.0,0.0
0.0,0.0,0.0
0.0,0.0,0.0
0.0,0.0,0.0
0.0,0.0,0.0
0.0,0.0,0.0
0.0,0.0,0.0
0.0,0.0,0.0
0.0,0.0,0.0
0.0,0.0,0.0
0.013751375137513752,0.0,0.0
0.0,0.0,0.0
0.0,0.0,0.0
0.0,0.0,0.0
0.0,0.0,0.0
0.0,0.0,0.0
0.0,0.0,0.0
0.0,0.0,0.0
0.011001100110011002,0.005,0.0
0.0,0.0,0.0
0.0,0.0,0.0
0.010451045104510451,0.0,0.0
0.0,0.031,0.0
0.0,0.0,0.0
0.0,0.0,0.0
0.0,0.0,0.0
0.0,0.0,0.0
0.0,0.0,0.0
0.043454345434543455,0.0,0.0
0.046754675467546754,0.064,0.0
0.0,0.0,0.0
0.0,0.0,0.0
0.0,0.0,0.0
0.0,0.0,0.0
0.0,0.0,0.0
0.0,0.0,0.0
0.0,0.0,0.0
0.0,0.0,0.0
0.0,0.2,0.0
0.0,0.0,0.0
0.007150715071507151,0.0,0.0
0.0,0.0,0.0
0.0,0.0,0.0
0.0,0.0005,0.0
0.0,0.0,0.0
0.0,0.0,0.0
0.0,0.0,0.0
0.0,0.0,0.0
0.0,0.0,0.0
0.0,0.0,0.0
0.0,0.02,0.0
0.0,0.0,0.0
0.0,0.0,0.0
0.0,0.0,0.0
0.0,0.0,0.0
0.0,0.0,0.0
0.0,0.0,0.0
0.0407040704070407,0.0,0.0
0.041804180418041806,0.0,0.0
0.0,0.0,0.0
0.06160616061606161,0.0,0.0
0.0,0.0,0.0
0.0,0.0,0.0
0.0,0.0,0.0
0.0,0.0,0.0
0.0,0.0,0.0
0.0,0.0,0.0
0.0,0.0,0.0
0.0,0.0,0.0
0.0,0.0,0.0
0.0,0.0,0.0
0.0,0.0,0.0
0.0,0.0,0.0
0.011001100110011002,0.09,0.0
0.0038503850385038507,0.0,0.0
0.05885588558855886,0.0,0.0
0.0,0.024,0.0
0.0,0.0,0.0
0.06985698569856987,0.0,0.0
0.0,0.0,0.0
0.0,0.0,0.0
0.0,0.0,0.0
0.039603960396039604,0.0,0.0
0.0,0.0,0.0
0.0,0.0,0.0
0.0,0.0,0.0
0.0,0.0,0.0
0.0,0.0,0.0
0.0,0.0,0.0
0.0,0.0,0.0
0.0,0.0,0.0
0.0,0.0,0.0
0.0,0.0,0.0
0.0,0.0,0.0
0.0,0.0,0.0
0.0,0.0,0.0
0.0,0.0,0.0
0.01925192519251925,0.0,0.0
0.0,0.0,0.0
0.0,0.0,0.0
0.0,0.0,0.0
0.0044004400440044,0.0,0.0
0.0,0.0,0.0
0.060506050605060514,0.0,0.0
0.0,0.0,0.0
0.0704070407040704,0.0,0.0
0.0,0.0,0.0
0.0,0.0185,0.0
0.0,0.0,0.0
0.0,0.0,0.0
0.0,0.0,0.0
0.0,0.0,0.0
0.0,0.0,0.0
0.0,0.0,0.0
0.0,0.0,0.0
0.0,0.0,0.0
0.0,0.0,0.0
0.0,0.0,0.0
0.0,0.0,0.0
0.056105610561056105,0.0,0.0
0.0,0.0,0.0
0.0,0.0,0.0
0.0,0.003,0.0
0.0,0.0,0.0
0.0,0.0,0.0
0.0,0.0,0.0
0.0,0.0,0.0
0.0,0.0,0.0
0.0,0.0,0.0
0.0,0.0,0.0
0.0,0.0,0.0
0.0,0.0,0.0
0.0,0.0,0.0
0.0,0.0,0.0
0.0,0.0,0.0
0.0,0.0,0.0
0.0,0.0,0.0
0.0,0.0125,0.0
0.0,0.0,0.0
0.0,0.0,0.0
0.018701870187018705,0.017,0.0
0.0,0.0,0.0
0.0,0.0,0.0
0.0,0.0,0.0
0.039603960396039604,0.0,0.0
0.0,0.018,0.0
0.0,0.0,0.0
0.0049504950495049506,0.0,0.0
0.0,0.0,0.0
0.0,0.0,0.0
0.0,0.0,0.0
0.0,0.0,0.0
0.0,0.0,0.0
0.0,0.0,0.0
0.0,0.0,0.0
0.0,0.0,0.0
0.0,0.0,0.0
0.0,0.0,0.0
0.0,0.0,0.0
0.0,0.0,0.0
0.0,0.0,0.0
0.0,0.0,0.0
0.0,0.0,0.0
0.0,0.0,0.0
0.0,0.0,0.0
0.0,0.0,0.0
0.0,0.0,0.0
0.0,0.0,0.0
0.0,0.0,0.0
0.0,0.0,0.0
0.0,0.0,0.0
0.0,0.0,0.0
0.0,0.0,0.0
0.0,0.0,0.0
0.0,0.0,0.0
0.0,0.0,0.0
0.0,0.0,0.0
0.0,0.0,0.0
0.0,0.0,0.0
0.0,0.0,0.0
0.0,0.0,0.0
0.0,0.0,0.0
0.02585258525852585,0.0,0.0
0.0,0.0,0.0
0.0,0.0,0.0
0.0,0.0,0.0
0.0,0.0,0.0
0.0,0.0,0.0
0.0088008800880088,0.0,0.0
0.0,0.0,0.0
0.0,0.0,0.0
0.0,0.0,0.0
0.0,0.0,0.0
0.0,0.0,0.0
0.0,0.0,0.0
0.0,0.0,0.0
0.007150715071507151,0.0,0.0
0.0,0.0,0.0
0.0,0.0,0.0
0.0,0.0,0.0
0.0,0.0,0.0
0.0,0.0,0.0
0.0,0.0,0.0
0.0,0.0,0.0
0.0,0.0,0.0
0.0,0.0,0.0
0.0,0.0,0.0
0.0,0.0,0.0
0.0,0.0,0.0
0.0,0.0,0.0
0.0,0.0,0.0
0.01925192519251925,0.0,0.0
0.0,0.0,0.0
0.0,0.0,0.0
0.0,0.0,0.0
0.0,0.0,0.0
0.0,0.0,0.0
0.007150715071507151,0.0,0.0
0.0,0.0,0.0
0.0,0.0,0.0
0.0,0.0,0.0
0.0,0.0,0.0
0.0,0.0,0.0
0.0,0.0,0.0
0.009350935093509352,0.0,0.0
0.0,0.0,0.0
0.0,0.0,0.0
0.0,0.0,0.0
0.0,0.0,0.0
0.0,0.0,0.0
0.0,0.0,0.0
0.0,0.0,0.0
0.0,0.0,0.0
0.0,0.0,0.0
0.0,0.0,0.0
0.0,0.0,0.0
0.0,0.0,0.0
0.0,0.03,0.0
0.0176017601760176,0.0,0.0
0.028602860286028604,0.012,0.0
0.009350935093509352,0.0,0.0
0.0,0.0,0.0
0.0,0.001,0.0
0.0,0.0,0.0
0.0,0.0,0.0
0.0,0.0,0.0
0.0,0.0,0.0
0.0,0.0,0.0
0.0,0.0,0.0
0.0,0.0,0.0
0.0,0.0,0.0
0.0,0.0,0.0
0.05335533553355336,0.0,0.0
0.0,0.0,0.0
0.0,0.0,0.0
0.0,0.0,0.0
0.0,0.0,0.0
0.0,0.0,0.0
0.03135313531353135,0.0,0.0
0.0,0.0,0.0
0.0,0.0,0.0
0.0,0.0,0.0
0.0,0.0,0.0
0.0,0.0,0.0
0.0,0.0,0.0
0.0,0.0,0.0
0.0,0.0,0.0
0.0,0.0,0.0
0.0,0.0,0.0
0.0,0.0,0.0
0.0,0.0,0.0
0.0,0.0,0.0
0.0,0.0,0.0
0.0,0.0,0.0
0.0,0.0,0.0
0.0,0.0,0.0
0.0,0.0,0.0
0.0,0.0,0.0
0.0,1.0,0.0
0.09350935093509351,0.0,0.0
0.08635863586358636,0.0,0.0
0.0,0.0,0.0
0.0,0.0,0.0
0.017051705170517052,0.0,0.0
0.0,0.0,0.0
0.0,0.0,0.0
0.0,0.0,0.0
0.0,0.0,0.0
0.005500550055005501,0.0125,0.0
0.0,0.0,0.0
0.0,0.0,0.0
0.0,0.0,0.0
0.02145214521452145,0.0,0.0
0.0,0.0,0.0
0.019801980198019802,0.0,0.0
0.0,0.0,0.0
0.0,0.0,0.0
0.0,0.0,0.0
0.0,0.0,0.0
0.0,0.0,0.0
0.027502750275027504,0.0,0.0
0.0,0.0,0.0
0.0,0.0,0.0
0.0,0.0,0.0
0.0,0.0,0.0
0.0,0.0,0.0
0.0,0.0,0.0
0.0,0.0,0.0
0.0,0.0,0.0
0.2816281628162816,0.0,0.0
0.0,0.0,0.0
0.0,0.0,0.0
0.0,0.0,0.0
0.0,0.0,0.0
0.0,0.0,0.0
0.0,0.0,0.0
0.0,0.0,0.0
0.0,0.0115,0.0
0.07205720572057206,0.0,0.0
0.0,0.0,0.0
0.0,0.0,0.0
0.029152915291529156,0.0,0.0
0.0,0.0,0.0
0.0,0.0,0.0
0.0,0.0,0.0
0.0,0.0,0.0
0.0,0.0,0.0
0.0,0.0,0.0
0.0,0.0,0.0
0.0,0.0,0.0
0.0,0.0,0.0
0.0,0.0,0.0
0.0,0.0,0.0
0.0,0.0,0.0
0.0,0.0,0.0
0.0,0.0,0.0
0.0,0.0,0.0
0.0,0.0,0.0
0.0,0.0,0.0
0.0,0.0,0.0
0.0913091309130913,0.0,0.0
0.0,0.042499999999999996,0.0
0.16501650165016502,0.0,0.0
0.0,0.0,0.0
0.0,0.0,0.0
0.0,0.05,0.0
0.0,0.0,0.0
0.0,0.04,0.0
0.030253025302530257,0.0,0.0
0.0,0.0,0.0
0.0,0.0,0.0
0.0,0.0,0.0
0.0,0.0,0.0
0.0,0.0,0.0
0.0,0.0595,0.0
0.09955995599559957,0.0,0.0
0.024752475247524754,0.0,0.0
0.0,0.0,0.0
0.0,0.0,0.0
0.0,0.0,0.0
0.0,0.0,0.0
0.0,0.0,0.0
0.0,0.0,0.0
0.0,0.0,0.0
0.06875687568756876,0.0,0.0
0.009350935093509352,0.0,0.0
0.0,0.0,0.0
0.24972497249724973,0.0,0.0
0.0,0.0,0.0
0.0,0.0,0.0
0.0,0.0,0.0
0.014851485148514853,0.006500000000000001,0.0
0.0,0.0,0.0
0.0,0.007000000000000001,0.0
0.0,0.0,0.0
0.0,0.0,0.0
0.0,0.0,0.0
0.0,0.0,0.0
0.0,0.0,0.0
0.0,0.0,0.0
0.0,0.0,0.0
0.0,0.0,0.0
0.0,0.0,0.0
0.0,0.0,0.0
0.0,0.0,0.0
0.0,0.0,0.0
0.0,0.020999999999999998,0.0
0.0462046204620462,0.0,0.0
0.0,0.0,0.0
0.0,0.0,0.0
0.0,0.0,0.0
0.0,0.0,0.0
0.0,0.0,0.0
0.0,0.0,0.0
0.0,0.0,0.0
0.0,0.0,0.0
0.0,0.0,0.0
0.0,0.0,0.0
0.066006600660066,0.0,0.0
0.0,0.0,0.0
0.0,0.0,0.0
0.0,0.0,0.0
0.0,0.0,0.0
0.0,0.0,0.0
0.012651265126512653,0.0115,0.0
0.0,0.0,0.0
0.0,0.0,0.0
0.0,0.0,0.0
0.0,0.0,0.0
0.0,0.0,0.0
0.0,0.185,0.0
0.0,0.0,0.0
0.0,0.0,0.0
0.0,0.0,0.0
0.0,0.004,0.0
0.0,0.0,0.0
0.0038503850385038507,0.0035000000000000005,0.0
0.0,0.0,0.0
0.0,0.0,0.0
0.08195819581958196,0.0,0.0
0.0,0.0,0.0
0.0,0.0,0.0
0.0,0.0,0.0
0.0,0.006500000000000001,0.0
0.04400440044004401,0.013000000000000001,0.0
0.0,0.0,0.0
0.0,0.0,0.0
0.0,0.0,0.0
0.0,0.0,0.0
0.0,0.0,0.0
0.0,0.0,0.0
0.0,0.0,0.0
0.0,0.0,0.0
0.006600660066006601,0.001,0.0
0.0,0.0615,0.0
0.0,0.0,0.0
0.0,0.0,0.0
0.028052805280528052,0.025500000000000002,0.0
0.0,0.0,0.0
0.0,0.0,0.0
0.11936193619361936,0.0,0.0
0.0,0.0,0.0
0.0,0.0,0.0
0.0,0.0,0.0
0.0,0.0,0.0
0.024752475247524754,0.0,0.0
0.0,0.0,0.0
0.0,0.0,0.0
0.0,0.0,0.0
0.0,0.0,0.0
0.0,0.0,0.0
0.0,0.0,0.0
0.0,0.0,0.0
0.0,0.0,0.0
0.0,0.0,0.0
0.0,0.0,0.0
0.0,0.0,0.0
0.0,0.0,0.0
0.0121012101210121,0.0015,0.0
0.0,0.0,0.0
0.0,0.0,0.0
0.0,0.0,0.0
0.0,0.0,0.0
0.0,0.0,0.0
0.0,0.0,0.0
0.0,0.0,0.0
0.07535753575357536,0.0,0.0
0.0,0.0,0.0
0.0,0.0,0.0
0.0,0.0,0.0
0.0,0.0,0.0
0.0,0.0,0.0
0.0319031903190319,0.028999999999999998,0.0
0.022552255225522552,0.0,0.0
0.0638063806380638,0.0,0.0
0.0,0.0,0.0
0.0,0.0115,0.0
0.0,0.0,0.0
0.0,0.0,0.0
0.0,0.0,0.0
0.0,0.0,0.0
0.0,0.0,0.0
0.0,0.0,0.0
0.0,0.0,0.0
0.0,0.034,0.0
0.0,0.0055,0.0
0.0,0.0,0.0
0.02035203520352035,0.0,0.0
0.0,0.0,0.0
0.0,0.0,0.0
0.0,0.0,0.0
0.0,0.0,0.0
0.0,0.0,0.0
0.0,0.0,0.0
0.0,0.0,0.0
0.0,0.0,0.0
0.0,0.0,0.0
0.0,0.0,0.0
0.0,0.0,0.0
0.0,0.006500000000000001,0.0
0.0,0.0,0.0
0.0,0.0,0.0
0.06435643564356436,0.0,0.0
0.0,0.0,0.0
0.0,0.0,0.0
0.0,0.0,0.0
0.0,0.0,0.0
0.0,0.0,0.0
0.0,0.0,0.0
0.0,0.0,0.0
0.0,0.0,0.0
0.0,0.0,0.0
0.0,0.0,0.0
0.0,0.0,0.0
0.0,0.0,0.0
0.0,0.0,0.0
0.0,0.0055,0.0
0.0,0.0,0.0
0.0,0.0,0.0
0.0,0.0,0.0
0.0,0.0,0.0
0.034653465346534656,0.0,0.0
0.0,0.0,0.0
0.0,0.0,0.0
0.0,0.0,0.0
0.0,0.0,0.0
0.0,0.0,0.0
0.0,0.0,0.0
0.0,0.0,0.0
0.0,0.0,0.0
0.0,0.0,0.0
0.1078107810781078,0.0,0.0
0.1078107810781078,0.0,0.0
0.0,0.0,0.0
0.06105610561056106,0.0,0.0
0.0,0.0,0.0
0.07260726072607261,0.0,0.0
0.009350935093509352,0.0085,0.0
0.0,0.0,0.0
0.0,0.0,0.0
0.0,0.028499999999999998,0.0
0.0,0.0,0.0
0.0,0.0,0.0
0.0,0.0,0.0
0.0,0.0,0.0
0.03740374037403741,0.0,0.0
0.010451045104510451,0.0095,0.0
0.0,0.0,0.0
0.0,0.0,0.0
0.0,0.0,0.0
0.02695269526952695,0.0,0.0
0.0,0.0,0.0
0.0,0.0,0.0
0.0,0.0,0.0
0.0,0.0,0.0
0.0,0.0,0.0
0.010451045104510451,0.0,0.0
0.0,0.0,0.0
0.014851485148514853,0.013500000000000002,0.0
0.0,0.0,0.0
0.03740374037403741,0.0,0.0
0.0,0.0,0.0
0.0,0.0,0.0
0.11001100110011001,0.0,0.0
0.0,0.0,0.0
0.0,0.0,0.0
0.0,0.0,0.0
0.0,0.0,0.0
0.0,0.0,0.0
0.0,0.0,0.0
0.0,0.0,0.0
0.0,0.0,0.0
0.0,0.0,0.0
0.0,0.0,0.0
0.018151815181518153,0.0,0.0
0.0,0.0,0.0
0.0033003300330033004,0.001,0.0
0.0,0.0,0.0
0.0,0.0,0.0
0.0,0.0,0.0
0.0,0.0,0.0
0.0,0.0,0.0
0.01155115511551155,0.0,0.0
0.0,0.015,0.0
0.0,0.028999999999999998,0.0
0.2893289328932893,0.0,0.0
0.0,0.0,0.0
0.0913091309130913,0.0,0.0
0.0,0.0,0.0
0.0,0.0,0.0
0.0,0.0095,0.0
0.05830583058305831,0.0,0.0
0.0,0.0,0.0
0.0,0.0,0.0
0.0,0.0,0.0
0.0,0.0,0.0
0.0,0.0,0.0
0.0,0.0,0.0
0.0,0.0,0.0
0.0,0.0,0.0
0.0,0.0,0.0
0.0,0.0,0.0
0.0,0.0,0.0
0.0,0.0,0.0
0.0,0.0,0.0
0.0,0.0095,0.0
0.0,0.0,0.0
0.0,0.0,0.0
0.0,0.0,0.0
0.0,0.0,0.0
0.0,0.0,0.0
0.0,0.0,0.0
0.0,0.0,0.0
0.0,0.0,0.0
0.0,0.0,0.0
0.0,0.0,0.0
0.0,0.0,0.0
0.0,0.0,0.0
0.0,0.0,0.0
0.0,0.0,0.0
0.0,0.0,0.0
0.0,0.0,0.0
0.0,0.0,0.0
0.0,0.0,0.0
0.0,0.0,0.0
0.0,0.0,0.0
0.0,0.0,0.0
0.0,0.0,0.0
0.0,0.0,0.0
0.0,0.0,0.0
0.0,0.0,0.0
0.0,0.0,0.0
0.0,0.0,0.0
0.0,0.0,0.0
0.0,0.0,0.0
0.0,0.0,0.0
0.0,0.0,0.0
0.0,0.0,0.0
0.0,0.0,0.0
0.0,0.0,0.0
0.0,0.0,0.0
0.0,0.0,0.0
0.0,0.0,0.0
0.0,0.0,0.0
0.0,0.0,0.0
0.0,0.0,0.0
0.0,0.0,0.0
0.0,0.0,0.0
0.0,0.0,0.0
0.0,0.0,0.0
0.0,0.0,0.0
0.0,0.0,0.0
0.0,0.0,0.0
0.0,0.0,0.0
0.0,0.0,0.0
0.0,0.0,0.0
0.0,0.0,0.0
0.0,0.0,0.0
0.0,0.0,0.0
0.0,0.0,0.0
0.0,0.0,0.0
0.0,0.0,0.0
0.0,0.0,0.0
0.0,0.0,0.0
0.0,0.0,0.0
0.0,0.0,0.0
0.0,0.0,0.0
0.0,0.0,0.0
0.0,0.0,0.0
0.0,0.0,0.0
0.0,0.0,0.0
0.0,0.0,0.0
0.0,0.0,0.0
0.0,0.0,0.0
0.0,0.0,0.0
0.0,0.0,0.0
0.0,0.0,0.0
0.0,0.0,0.0
0.0,0.0,0.0
0.0,0.0,0.0
0.0,0.0,0.0
0.0,0.0,0.0
0.0,0.0,0.0
0.0,0.0,0.0
0.0,0.0,0.0
0.0,0.0,0.0
0.0,0.0,0.0
0.0,0.0,0.0
0.0,0.0,0.0
0.0,0.0,0.0
0.0,0.0,0.0
0.0,0.0,0.0
0.0,0.0,0.0
0.0,0.0,0.0
0.0,0.0,0.0
0.0,0.0,0.0
0.0,0.0,0.0
0.0,0.0,0.0
0.0,0.0,0.0
0.0,0.0,0.0
0.0,0.0,0.0
0.0,0.0,0.0
0.0,0.0,0.0
0.0,0.0,0.0
0.0,0.0,0.0
0.0,0.0,0.0
0.0,0.0,0.0
0.0,0.0,0.0
0.0,0.0,0.0
0.0,0.0,0.0
0.0,0.0,0.0
0.0,0.0,0.0
0.0,0.0,0.0
0.0,0.0,0.0
0.0,0.0,0.0
0.0,0.0,0.0
0.0,0.0,0.0
0.0,0.0,0.0
0.0,0.0,0.0
0.0,0.0,0.0
0.0,0.0,0.0
0.0,0.0,0.0
0.0,0.0,0.0
0.00825082508250825,0.0,0.0
0.0,0.0,0.0
0.0,0.0,0.0
0.0,0.0,0.0
0.0,0.0,0.0
0.05940594059405941,0.0,0.0
0.0,0.0,0.0
0.0,0.0,0.0
0.0,0.0,0.0
0.0,0.0,0.0
0.0,0.0,0.0
0.0,0.0,0.0
0.0,0.0,0.0
0.0,0.0,0.0
0.0,0.0,0.0
0.0,0.0055,0.0
0.0,0.0,0.0
0.0,0.0,0.0
0.0,0.0,0.0
0.0,0.0,0.0
0.0,0.0,0.0
0.007150715071507151,0.006500000000000001,0.0
0.0,0.0,0.0
0.0,0.0,0.0
0.012651265126512653,0.0,0.0
0.0,0.0,0.0
0.015401540154015403,0.0,0.0
0.0,0.0,0.0
0.0033003300330033004,0.0025,0.0
0.0,0.0,0.0
0.0,0.0,0.0
0.0,0.0,0.0
0.0,0.0,0.0
0.0,0.0,0.0
0.0,0.026000000000000002,0.0
0.0,0.0,0.0
0.0,0.0,0.0
0.0,0.0,0.0
0.014851485148514853,0.006500000000000001,0.0
0.06930693069306931,0.0,0.0
0.0,0.0,0.0
0.0,0.0,0.0
0.0,0.0,0.0
0.0,0.0,0.0
0.0,0.0,0.0
0.0,0.045,0.0
0.0,0.0,0.0
0.0,0.0,0.0
0.0,0.0,0.0
0.005500550055005501,0.005,0.0
0.0,0.0,0.0
0.0,0.0,0.0
0.0,0.0,0.0
0.0,0.0,0.0
0.0,0.0,0.0
0.0,0.0,0.0
0.0,0.0,0.0
0.0,0.0,0.0
0.010451045104510451,0.0,0.0
0.07150715071507151,0.0,0.0
0.0,0.0125,0.0
0.0,0.0,0.0
0.0242024202420242,0.0,0.0
0.0,0.0,0.0
0.0,0.0,0.0
0.014851485148514853,0.0,0.0
0.0,0.0,0.0
0.0,0.0,0.0
0.0,0.0,0.0
0.0,0.0,0.0
0.0,0.0,0.0
0.0,0.0,0.0
0.0,0.0,0.0
0.0,0.0,0.0
0.0,0.0,0.0
0.0,0.0,0.0
0.0,0.0,0.0
0.05115511551155116,0.0,0.0
0.0,0.0,0.0
0.0,0.0,0.0
0.0,0.0,0.0
0.0,0.0,0.0
0.0,0.0,0.0
0.08800880088008801,0.12,0.0
0.0,0.0,0.0
0.0,0.0,0.0
0.0,0.0,0.0
0.11001100110011001,0.0,0.0
0.0,0.0,0.0
0.0,0.0,0.0
0.0,0.0,0.0
0.0,0.0,0.0
0.0,0.0,0.0
0.0,0.0,0.0
0.0,0.0,0.0
0.0,0.0,0.0
0.0,0.0,0.0
0.0,0.0,0.0
0.0,0.0,0.0
0.0,0.04,0.0
0.0,0.051000000000000004,0.0
0.0,0.0,0.0
0.0,0.0,0.0
0.0,0.0,0.0
0.0,0.0,0.0
0.0,0.0,0.0
0.0,0.025,0.0
0.0,0.0,0.0
0.0,0.0,0.0
0.0,0.0,0.0
0.0,0.0,0.0
0.027502750275027504,0.0,0.0
0.0,0.0,0.0
0.0,0.0,0.0
0.0,0.0,0.0
0.0,0.0,0.0
0.0,0.0,0.0
0.0,0.0,0.0
0.0,0.0,0.0
0.036303630363036306,0.0,0.0
0.0,0.0,0.0
0.0,0.0,0.0
0.0,0.0,0.0
0.0,0.0,0.0
0.0,0.0,0.0
0.0,0.0,0.0
0.0,0.0,0.0
0.0,0.0,0.0
0.0,0.0,0.0
0.0,0.0,0.0
0.0022002200220022,0.006500000000000001,0.0
0.0,0.0,0.0
0.0,0.0,0.0
0.07480748074807482,0.0,0.0
0.0,0.0,0.0
0.0,0.0,0.0
0.0,0.0,0.0
0.0,0.0,0.0
0.0,0.0,0.0
0.030253025302530257,0.0,0.0
0.0,0.0,0.0
0.0,0.0,0.0
0.0,0.0,0.0
0.0,0.0,0.0
0.0,0.0,0.0
0.0,0.0,0.0
0.13366336633663367,0.0,0.0
0.0,0.0,0.0
0.0,0.0,0.0
0.0,0.0,0.0
0.0,0.0,0.0
0.0,0.0,0.0
0.0,0.0,0.0
0.0,0.0,0.0
0.0,0.0,0.0
0.0,0.005,0.0
0.0,0.0,0.0
0.0,0.0,0.0
0.0,0.0,0.0
0.0,0.031,0.0
0.0,0.0,0.0
0.0,0.0,0.0
0.0,0.005,0.0
0.0,0.0,0.0
0.0,0.0,0.0
0.08635863586358636,0.0,0.0
0.0,0.0,0.0
0.0,0.0,0.0
0.0,0.0,0.0
0.0,0.0,0.0
0.02145214521452145,0.0,0.0
0.14466446644664466,0.0,0.0
0.0,0.03,0.0
0.045104510451045104,0.0,0.0
0.0,0.0,0.0
0.0,0.0,0.0
0.0,0.0875,0.0
0.0,0.0,0.0
0.0,0.147,0.0
0.0,0.0,0.0
0.0,0.0,0.0
0.0,0.0,0.0
0.0,0.0,0.0
0.0671067106710671,0.0,0.0
0.14576457645764576,0.0,0.0
0.0,0.0,0.0
0.0,0.0,0.0
0.0,0.0,0.0
0.0,0.0,0.0
0.0,0.0,0.0
0.0,0.0,0.0
0.0,0.0,0.0
0.0,0.0,0.0
0.032453245324532455,0.0,0.0
0.0,0.0,0.0
0.0,0.0,0.0
0.0,0.0,0.0
0.1408140814081408,0.0,0.0
0.10011001100110012,0.034,0.0
0.07920792079207921,0.0,0.0
0.0,0.0,0.0
0.0,0.0,0.0
0.0,0.0,0.0
0.0319031903190319,0.0,0.0
0.0,0.0,0.0
0.0,0.11100000000000002,0.0
0.027502750275027504,0.0,0.0
0.0,0.0,0.0
0.0,0.0,0.0
0.0,0.0,0.0
0.022002200220022004,0.0,0.0
0.0,0.0,0.0
0.0,0.0,0.0
0.0044004400440044,0.004,0.0
0.0,0.0,0.0
0.0,0.0,0.0
0.0,0.0,0.0
0.0,0.0,0.0
0.0,0.0,0.0
0.0,0.0,0.0
0.0,0.0,0.0
0.0,1.0,0.0
0.0,0.0,0.0
0.0,0.0,0.0
0.0,0.0,0.0
0.022002200220022004,0.0,0.0
0.0,0.0,0.0
0.0,0.0,0.0
0.0,0.0,0.0
0.0,0.0,0.0
0.05885588558855886,0.0,0.0
0.0,0.0,0.0
0.0,0.0,0.0
0.0,0.0,0.0
0.0,0.0,0.0
0.0,0.0,0.0
0.0,0.0,0.0
0.0,0.0,0.0
0.02585258525852585,0.0,0.0
0.039603960396039604,0.0,0.0
0.0,0.0,0.0
0.0,0.0,0.0
0.0,0.0,0.0
0.0,0.0,0.0
0.0,0.0,0.0
0.0044004400440044,0.0,0.0
0.0,0.0,0.0
0.024752475247524754,0.0,0.0
0.10231023102310231,0.0,0.0
0.0,0.0,0.0
0.0,0.007000000000000001,0.0
0.0407040704070407,0.0,0.0
0.25852585258525856,0.058499999999999996,0.0
0.0,0.0,0.0
0.034103410341034104,0.0,0.0
0.0,0.0,0.0
0.0,0.0,0.0
0.0,0.0,0.0
0.0,0.0,0.0
0.0,0.0,0.0
0.0,0.0,0.0
0.05775577557755776,0.0,0.0
0.0,0.0,0.0
0.0,0.0385,0.0
0.0,0.0,0.0
0.0,0.0,0.0
0.0,0.0,0.0
0.02695269526952695,0.0,0.0
0.0,0.0,0.0
0.0,0.0,0.0
0.0,0.0,0.0
0.0,0.0,0.0
0.0,0.0,0.0
0.0,0.0,0.0
0.052805280528052806,0.016,0.0
0.0,0.0,0.0
0.0,0.0,0.0
0.0,0.0,0.0
0.013751375137513752,0.0,0.0
0.0,0.0,0.0
0.0,0.0,0.0
0.0,0.0045,0.0
0.0,0.0,0.0
0.0319031903190319,0.0,0.0
0.0,0.0,0.0
0.0,0.0,0.0
0.0,0.0,0.0
0.0,0.0,0.0
0.0,0.0,0.0
0.0,0.0085,0.0
0.009900990099009901,0.003,0.0
0.0,0.0,0.0
0.04400440044004401,0.0805,0.0
0.0,0.0,0.0
0.0,0.0,0.0
0.0,0.0,0.0
0.0,0.0,0.0
0.0,0.0,0.0
0.024752475247524754,0.0,0.0
0.0,0.0,0.0
0.0,0.0,0.0
0.0,0.0,0.0
0.0407040704070407,0.0,0.0
0.0,0.0,0.0
0.0,0.0,0.0
0.0,0.0,0.0
0.0,0.0,0.0
0.0,0.0,0.0
0.0038503850385038507,0.0,0.0
0.0,0.0,0.0
0.0,0.0,0.0
0.0,0.0,0.0
0.0,0.0,0.0
0.0,0.0,0.0
0.0,0.0,0.0
0.0,0.0,0.0
0.018151815181518153,0.0,0.0
0.0,0.0,0.0
0.0,0.0,0.0
0.0,0.0,0.0
0.0,0.0,0.0
0.0,0.006500000000000001,0.0
0.0,0.0,0.0
0.04400440044004401,0.0,0.0
0.0,0.0,0.0
0.0,0.0,0.0
0.0,0.0,0.0
0.032453245324532455,0.0,0.0
0.0,0.0,0.0
0.0,0.0,0.0
0.0,0.0,0.0
0.0,0.0,0.0
0.0319031903190319,0.0,0.0
0.03685368536853686,0.0,0.0
0.0,0.0,0.0
0.0,0.0,0.0
0.0,0.0,0.0
0.0,0.0,0.0
0.0,0.0,0.0
0.0,0.0,0.0
0.0,0.0,0.0
0.0,0.0,0.0
0.0,0.0,0.0
0.0,0.0,0.0
0.0,0.0,0.0
0.0,0.0,0.0
0.0,0.0,0.0
0.0,0.0,0.0
0.0,0.0,0.0
0.0,0.0,0.0
0.0,0.0,0.0
0.0,0.0,0.0
0.0,0.0,0.0
0.0,0.0,0.0
0.0,0.0,0.0
0.0,0.0,0.0
0.0,0.0,0.0
0.014301430143014302,0.0,0.0
0.0,0.013500000000000002,0.0
0.0,0.0,0.0
0.0,0.0,0.0
0.0,0.0,0.0
0.0,0.0,0.0
0.0,0.0,0.0
0.0,0.0,0.0
0.0,0.0,0.0
0.0,0.0,0.0
0.0,0.0,0.0
0.0,0.0,0.0
0.0,0.0,0.0
0.0,0.072,0.0
0.0,0.0,0.0
0.0,0.0,0.0
0.0,0.0095,0.0
0.0,0.0,0.0
0.0,0.0,0.0
0.0,0.0,0.0
0.0,0.0,0.0
0.0,0.0,0.0
0.0,0.0,0.0
0.0759075907590759,0.0,0.0
0.0,0.0,0.0
0.0,0.0,0.0
0.0,0.0,0.0
0.0,0.0,0.0
0.0,0.0,0.0
0.0,0.0,0.0
0.0,0.0,0.0
0.0,0.0,0.0
0.0,0.0,0.0
0.0,0.0,0.0
0.0,0.0,0.0
0.0,0.0,0.0
0.0,0.0,0.0
0.0,0.0,0.0
0.0,0.0,0.0
0.0,0.0,0.0
0.0,0.0,0.0
0.0,0.0,0.0
0.0,0.0,0.0
0.0,0.0,0.0
0.0,0.0,0.0
0.0,0.0,0.0
0.0,0.0,0.0
0.0,0.0,0.0
0.0,0.0,0.0
0.0,0.0,0.0
0.0,0.0,0.0
0.0,0.0,0.0
0.0,0.0,0.0
0.0,0.0,0.0
0.0,0.3845,0.0
0.05720572057205721,0.0,0.0
0.0,0.0,0.0
0.0,0.0,0.0
0.0,0.0,0.0
0.0,0.0,0.0
0.0,0.0,0.0
0.0,0.0,0.0
0.052255225522552254,0.0,0.0
0.0,0.0,0.0
0.0,0.0,0.0
0.033003300330033,0.0,0.0
0.0,0.0,0.0
0.0,0.0,0.0
0.0,0.0,0.0
0.0,0.0,0.0
0.07315731573157316,0.033,0.0
0.05500550055005501,0.0,0.0
0.0,0.0,0.0
0.0,0.0,0.0
0.0,0.0,0.0
0.07920792079207921,0.0,0.0
0.0,0.0,0.0
0.0,0.0,0.0
0.14026402640264027,0.0,0.0
0.0462046204620462,0.0,0.0
0.0,0.0,0.0
0.0,0.0,0.0
0.028602860286028604,0.0,0.0
0.056105610561056105,0.0,0.0
0.034653465346534656,0.0,0.0
0.0,0.0625,0.0
0.0,0.0,0.0
0.0,0.0,0.0
0.0,0.0,0.0
0.0,0.0,0.0
0.0,0.0,0.0
0.0,0.0735,0.0
0.0,0.0,0.0
0.0,0.0,0.0
0.0,0.0,0.0
0.0,0.0,0.0
0.022002200220022004,0.0,0.0
0.0,0.0,0.0
0.0,0.0,0.0
0.0,0.0,0.0
0.0,0.0,0.0
0.0,0.0,0.0
0.0242024202420242,0.0,0.0
0.0,0.0,0.0
0.0,0.0,0.0
0.0,0.0,0.0
0.0,0.0,0.0
0.0,0.0,0.0
0.0,0.0,0.0
0.014851485148514853,0.0,0.0
0.0429042904290429,0.0,0.0
0.0,0.0,0.0
0.029702970297029705,0.0,0.0
0.0,0.0,0.0
0.0,0.0,0.0
0.0,0.0,0.0
0.0,0.0,0.0
0.0,0.0,0.0
0.0,0.008,0.0
0.0,0.0,0.0
0.0,0.0,0.0
0.0,0.0,0.0
0.0,0.0035000000000000005,0.0
0.0,0.0045,0.0
0.0,0.0045,0.0
0.0,0.0045,0.0
0.0,0.0,0.0
0.0,0.0,0.0
0.0,0.0,0.0
0.0,0.0,0.0
0.047304730473047306,0.0,0.0
0.0,0.0,0.0
0.0,0.0,0.0
0.07480748074807482,0.0,0.0
0.041254125412541254,0.0,0.0
0.0,0.0,0.0
0.0,0.0,0.0
0.0,0.0,0.0
0.0,0.0385,0.0
0.0,0.0,0.0
0.0,0.0,0.0
0.0,0.0,0.0
0.029152915291529156,0.0,0.0
0.0,0.0,0.0
0.07865786578657866,0.0,0.0
0.0,0.0,0.0
0.030253025302530257,0.0,0.0
0.0,0.052000000000000005,0.0
0.0,0.03,0.0
0.0,0.0,0.0
0.0,0.0,0.0
0.0,0.053000000000000005,0.0
0.0,0.0,0.0
0.0,0.051500000000000004,0.0
0.0,0.0,0.0
0.0,0.0,0.0
0.0,0.0,0.0
0.06435643564356436,0.0,0.0
0.052805280528052806,0.0,0.0
0.0,0.0,0.0
0.0,0.0,0.0
0.0,0.0,0.0
0.0,0.0375,0.0
0.0,0.0,0.0
0.0,0.0,0.0
0.0,0.0,0.0
0.0,0.0875,0.0
0.0,0.0195,0.0
0.0,0.0655,0.0
0.0,0.0,0.0
0.0,0.0,0.0
0.024752475247524754,0.0225,0.0
0.0,0.094,0.0
0.0,0.0,0.0
0.0,0.0,0.0
0.10176017601760176,0.0,0.0
0.0,0.0,0.0
0.0,0.0,0.0
0.0,0.0,0.0
0.0,0.0,0.0
0.0,0.0,0.0
0.0,0.0,0.0
0.0,0.0,0.0
0.0,0.0,0.0
0.0,0.006500000000000001,0.0
0.0,0.0,0.0
0.0,0.0,0.0
0.0,0.0,0.0
0.0,0.0,0.0
0.0,0.0,0.0
0.0,0.0,0.0
0.0,0.0,0.0
0.0,0.026000000000000002,0.0
0.0,0.0,0.0
0.0,0.0,0.0
0.0,0.0195,0.0
0.0,0.0,0.0
0.0,0.014000000000000002,0.0
0.0,0.0,0.0
0.0,0.024,0.0
0.0,0.0,0.0
0.01925192519251925,0.0,0.0
0.0,0.0,0.0
0.0,0.025500000000000002,0.0
0.020902090209020903,0.0,0.0
0.0,0.0,0.0
0.0,0.0,0.0
0.0,0.0,0.0
0.18316831683168316,0.0,0.0
0.08085808580858085,0.0,0.0
0.04785478547854786,0.0,0.0
0.16666666666666666,0.0,0.0
0.05940594059405941,0.0,0.0
0.14851485148514854,0.0,0.0
0.0,0.0,0.0
0.0,0.0,0.0
0.0704070407040704,0.0,0.0
0.019801980198019802,0.0,0.0
0.0231023102310231,0.0,0.0
0.019801980198019802,0.0,0.0
0.0242024202420242,0.0,0.0
0.022552255225522552,0.0,0.0
0.07425742574257427,0.0,0.0
0.0759075907590759,0.0,0.0
0.11661166116611663,0.0,0.0
0.01925192519251925,0.0,0.0
0.0,0.0505,0.0
0.040154015401540157,0.0,0.0
0.0781078107810781,0.0,0.0
0.09790979097909791,0.0,0.0
0.040154015401540157,0.0,0.0
0.0,0.0,0.0
0.03795379537953795,0.0,0.0
0.0088008800880088,0.008,0.0
0.056105610561056105,0.0,0.0
0.1276127612761276,0.0,0.0
0.0,0.0,0.0
0.0,0.0,0.0
0.0,0.0,0.0
0.0,0.0,0.0
0.011001100110011002,0.09,0.0
0.0,0.041999999999999996,0.0
0.0,0.0,0.0
0.12486248624862487,0.0,0.0
0.0,0.0,0.0
0.0,0.0,0.0
0.041254125412541254,0.0,0.0
0.0,0.0,0.0
0.0,0.0,0.0
0.0484048404840484,0.0,0.0
0.0,0.0,0.0
0.0,0.0,0.0
0.0,0.0,0.0
0.0,0.0,0.0
0.06820682068206821,0.0,0.0
0.15236523652365236,0.0,0.0
0.2618261826182618,0.0,0.0
0.014851485148514853,0.0,0.0
0.0,0.0,0.0
0.0,0.0,0.0
0.0,0.0,0.0
0.0,0.0,0.0
0.0,0.0,0.0
0.0,0.0,0.0
0.0,0.0,0.0
0.0,0.0,0.0
0.0,0.0,0.0
0.0,0.0,0.0
0.22002200220022003,0.0,0.0
0.0,0.0,0.0
0.0,0.0,0.0
0.0,0.0,0.0
0.0,0.0,0.0
0.0,0.0,0.0
0.0,0.0,0.0
0.0,0.0,0.0
0.0,0.0,0.0
0.0,0.0,0.0
0.0,0.0,0.0
0.028052805280528052,0.0,0.0
0.0,0.0,0.0
0.0,0.0,0.0
0.0704070407040704,0.0,0.0
0.0,0.0,0.0
0.014301430143014302,0.013000000000000001,0.0
0.0,0.034499999999999996,0.0
0.0,0.0,0.0
0.06875687568756876,0.0,0.0
0.0,0.027500000000000004,0.0
0.0,0.027000000000000003,0.0
0.0,0.056499999999999995,0.0
0.0,0.0,0.0
0.0,0.0,0.0
0.0,0.0,0.0
0.00605060506050605,0.0055,0.0
0.13366336633663367,0.0,0.0
0.13366336633663367,0.0,0.0
0.0,0.0,0.0
0.0,0.0,0.0
0.018151815181518153,0.0,0.0
0.0,0.0,0.0
0.0,0.0,0.0
0.0,0.0,0.0
0.0,0.0,0.0
0.018701870187018705,0.017,0.0
0.01595159515951595,0.0,0.0
0.0,0.0,0.0
0.0033003300330033004,0.0,0.0
0.0,0.0,0.0
0.0,0.0,0.0
0.0,0.0,0.0
0.0,0.0,0.0
0.12981298129812982,0.0,0.0
0.0,0.0,0.0
0.0,0.0,0.0
0.0,0.0,0.0
0.0,0.0,0.0
0.0,0.0,0.0
0.0,0.0,0.0
0.0,0.0,0.0
0.0,0.0,0.0
0.0,0.0,0.0
0.0,0.0,0.0
0.0,0.0,0.0
0.0,0.034499999999999996,0.0
0.0,0.024,0.0
0.0016501650165016502,0.0,0.0
0.0,0.0,0.0
0.0,0.0,0.0
0.0,0.0,0.0
0.0,0.0,0.0
0.0,0.0,0.0
0.0,0.051000000000000004,0.0
0.0,0.0,0.0
0.0,0.0,0.0
0.0,0.0,0.0
0.020902090209020903,0.0095,0.0
0.0,0.0,0.0
0.0,0.0,0.0
0.019801980198019802,0.018,0.0
0.0,0.0,0.0
0.0,0.0,0.0
0.0,0.0,0.0
0.0,0.0,0.0
0.034653465346534656,0.0,0.0
0.0,0.0,0.0
0.043454345434543455,0.0,0.0
0.0,0.0,0.0
0.0,0.0,0.0
0.0,0.0,0.0
0.0,0.0,0.0
0.0088008800880088,0.0,0.0
0.0,0.0,0.0
0.0,0.0,0.0
0.0,0.0,0.0
0.02695269526952695,0.0,0.0
0.23762376237623764,0.0,0.0
0.01155115511551155,0.0,0.0
0.0,0.0,0.0
0.0,0.0,0.0
0.0,0.0505,0.0
0.0,0.0,0.0
0.0,0.0,0.0
0.0407040704070407,0.037,0.0
0.03905390539053905,0.0715,0.0
0.06545654565456545,0.0,0.0
0.05555555555555556,0.0,0.0
0.018151815181518153,0.0,0.0
0.029702970297029705,0.0,0.0
0.611111111111111,0.0,0.0
0.0,0.0,0.0
0.0352035203520352,0.0,0.0
0.0,0.0405,0.0
0.0,0.0,0.0
0.0,0.0,0.0
0.022552255225522552,0.0,0.0
0.0,0.02,0.0
0.0,0.019,0.0
0.0,0.013500000000000002,0.0
0.0,0.1515,0.0
0.0,0.0185,0.0
0.0,0.0,0.0
0.017051705170517052,0.0315,0.0
0.0,0.02,0.0
0.0,0.022,0.0
0.0,0.020499999999999997,0.0
0.0,0.036,0.0
0.01595159515951595,0.014499999999999999,0.0
0.007150715071507151,0.013000000000000001,0.0
0.0,0.015,0.0
0.0,0.0245,0.0
0.0,0.0245,0.0
0.0,0.0,0.0
0.0,0.0245,0.0
0.0,0.0305,0.0
0.0,0.007000000000000001,0.0
0.0,0.022,0.0
0.0,0.004,0.0
0.0,0.0,0.0
0.11606160616061606,0.034999999999999996,0.0
0.0,0.0,0.0
0.0,0.0,0.0
0.0,0.0,0.0
0.0,0.006,0.0
0.0,0.0,0.0
0.0,0.0,0.0
0.0,0.0,0.0
0.0,0.0,0.0
0.0,0.0,0.0
0.0,0.0,0.0
0.006600660066006601,0.0125,0.0
0.0,0.0,0.0
0.0,0.0,0.0
0.0,0.0,0.0
0.0,0.0,0.0
0.0,0.0,0.0
0.0,0.0,0.0
0.0,0.0,0.0
0.0,0.0,0.0
0.0,0.0,0.0
0.0,0.0,0.0
0.0,0.0,0.0
0.0,0.0,0.0
0.0,0.0,0.0
0.0,0.0,0.0
0.0,0.0,0.0
0.0,0.0,0.0
0.0,0.0,0.0
0.0,0.0,0.0
0.0,0.0,0.0
0.0,0.0,0.0
0.0,0.028499999999999998,0.0
0.0,0.0,0.0
0.0,0.0,0.0
0.03795379537953795,0.0,0.0
0.023652365236523653,0.0,0.0
0.0,0.0,0.0
0.0,0.0,0.0
0.06820682068206821,0.031,0.0
0.0,0.039,0.0
0.0,0.0,0.0
0.01925192519251925,0.0,0.0
0.0,0.014499999999999999,0.0
0.0,0.0,0.0
0.0,0.0,0.0
0.0,0.0,0.0
0.0,0.0,0.0
0.0,0.0,0.0
0.0,0.0,0.0
0.0,0.0,0.0
0.0,0.0,0.0
0.0,0.0,0.0
0.0,0.0,0.0
0.0,0.0,0.0
0.0,0.0,0.0
0.0,0.0,0.0
0.0,0.0,0.0
0.0,0.0,0.0
0.0,0.0,0.0
0.00605060506050605,0.0,0.0
0.0,0.0,0.0
0.0,0.0,0.0
0.0,0.0,0.0
0.0,0.0,0.0
0.0,0.0,0.0
0.0,0.0,0.0
0.0968096809680968,0.0,0.0
0.0,0.0,0.0
0.0,0.0,0.0
0.0,0.0,0.0
0.0,0.0,0.0
0.14741474147414743,0.0,0.0
0.0049504950495049506,0.0045,0.0
0.0,0.0,0.0
0.0,0.0,0.0
0.0,0.0,0.0
0.0,0.0,0.0
0.0,0.0,0.0
0.0,0.0,0.0
0.013201320132013201,0.0,0.0
0.0,0.0,0.0
0.0,0.0,0.0
0.2893289328932893,0.0,0.0
0.0,0.0,0.0
0.0,0.096,0.0
0.0,0.0,0.0
0.0,0.0,0.0
0.0,0.0,0.0
0.0,0.0,0.0
0.0,0.0,0.0
0.0,0.0,0.0
0.20352035203520352,0.0,0.0
0.0,0.010499999999999999,0.0
0.0,0.0,0.0
0.0,0.0,0.0
0.0,0.0,0.0
0.0,0.0465,0.0
0.0,0.0,0.0
0.0,0.0,0.0
0.0,0.0,0.0
0.05335533553355336,0.0,0.0
0.0,0.0,0.0
0.0,0.0,0.0
0.0,0.0,0.0
0.0,0.0,0.0
0.0,0.0,0.0
0.0,0.0,0.0
0.0,0.0,0.0
0.0,0.0,0.0
0.0,0.0,0.0
0.0,0.0025,0.0
0.0,0.0,0.0
0.0,0.0,0.0
0.0,0.0,0.0
0.0,0.0,0.0
0.0,0.0,0.0
0.0,0.0,0.0
0.0,0.0,0.0
0.0,0.0,0.0
0.0,0.0,0.0
0.0,0.0,0.0
0.0,0.0,0.0
0.0,0.025,0.0
0.0,0.0115,0.0
0.0,0.0,0.0
0.0,0.0,0.0
0.01595159515951595,0.014499999999999999,0.0
0.0759075907590759,0.0,0.0
0.0,0.0,0.0
0.0,0.0,0.0
0.0,0.0,0.0
0.0,0.0,0.0
0.0,0.0,0.0
0.0,0.0,0.0
0.0,0.0,0.0
0.0,0.0,0.0
0.0,0.0,0.0
0.0,0.0,0.0
0.0,0.0,0.0
0.0,0.0,0.0
0.0,0.0,0.0
0.0,0.0,0.0
0.0,0.028999999999999998,0.0
0.0,0.0,0.0
0.0,0.0,0.0
0.0,0.0,0.0
0.0,0.0,0.0
0.0,0.0,0.0
0.0,0.0,0.0
0.0,0.0,0.0
0.0,0.0,0.0
0.0,0.0,0.0
0.0,0.0,0.0
