(36, 0.58150336945672987), (28, 0.52290266442794198), (35, 0.43551990478858427), (38, 0.41076605849913428), (27, 0.3911524649184201), 
(19, 0.45518226900249303), (20, 0.39802856588919294), (10, 0.37827853947750939), (44, 0.31385667334648248), (27, 0.3101048831464352), 
(62, 0.50871402446817016), (26, 0.38534652424919907), (45, 0.3844307686665917), (37, 0.3742637031286416), (9, 0.3405771618664109), 
(26, 0.40995999793123544), (18, 0.36819710175354892), (34, 0.35073923005463242), (43, 0.33990543649594207), (42, 0.29756725775392717), 
(33, 0.56987825791090008), (41, 0.52486638943992947), (10, 0.44294678178073688), (3, 0.41033271069110566), (34, 0.36943940269450254), 
(21, 0.38378963481056677), (5, 0.3592400769683366), (25, 0.30981296197521957), (58, 0.29720083309019246), (2, 0.28531403124607702), 
(54, 0.48057838325603414), (21, 0.41769975411877541), (46, 0.41724499400799392), (13, 0.40641082748423701), (42, 0.40280151660567937), 
(60, 0.65065011062894784), (53, 0.48213904502597726), (6, 0.41353730891144647), (61, 0.38195251065317604), (14, 0.35438625099927962), 
(35, 0.27135287075549608), (38, 0.26083380341247298), (37, 0.26005608713608985), (27, 0.25785350208362645), (50, 0.22286609241677519), 
(29, 0.36415734111619419), (43, 0.33930236510366962), (21, 0.32242074680971694), (42, 0.31944150893289075), (51, 0.27520158258123723), 
