
overall accuracy on test set is 83.908 per cent

confusion matrix
               predicted class
               
0, 248,  0,  3,  0,  0,  9,  0,  0,  5,  1 
7, 0,  227,  10,  0,  0,  8,  3,  5,  3,  2 
4, 0,  1,  230,  4,  2,  4,  10,  6,  3,  0 
6, 0,  0,  7,  231,  6,  11,  0,  1,  0,  1 
2, 0,  4,  0,  6,  218,  0,  12, 5,  7,  8 
5, 0,  0,  4,  5,  0,  230,  0, 2,  9,  1 
8, 0,  3,  4,  1,  17,  4,  178,  45,  5,  9 
1, 0,  1,  2,  13,  21,  1,  7,  184,  33,  2, 
9, 2,  2,  1,  0,  3,  4,  18,  2,  220,  6 
3, 1,  6,  1,  3,  17,  4,  3,  6,  5,  224 
